epoch,acc,loss,lr,val_acc,val_loss
0,0.646615128987,1.34889758703,0.01,0.786505145239,0.783220415397
1,0.864966404167,0.472251414271,0.01,0.877947114758,0.386989912108
2,0.918112853137,0.282226668633,0.01,0.91702487951,0.242594578971
3,0.941536016203,0.204228247303,0.01,0.939299205419,0.20099507518
4,0.956058088307,0.159885117078,0.01,0.953367200729,0.160480053013
5,0.963832093057,0.134611943833,0.01,0.960531457601,0.136527314117
6,0.969539773157,0.114048000201,0.01,0.966523381529,0.116519599148
7,0.972949931363,0.101732000899,0.01,0.968216751335,0.10578168277
8,0.976157792086,0.0916983613292,0.01,0.970170639573,0.109814452621
9,0.978166317482,0.0837988443543,0.01,0.971603490947,0.100816641888
10,0.981330828697,0.0736709055956,0.005,0.976162563501,0.0858471369171
11,0.981504226592,0.0718968695437,0.005,0.976553341149,0.0844045592444
12,0.981287479248,0.0719244904841,0.005,0.974859971343,0.0901684517349
13,0.98235676613,0.0683857807986,0.005,0.977725674091,0.0828070288259
14,0.982862509934,0.0665067976645,0.005,0.978637488602,0.0819644239981
15,0.982905859422,0.0653308913192,0.0025,0.977986192523,0.0790719739977
16,0.983830648094,0.0634235081882,0.0025,0.977725674091,0.0784516451652
17,0.984509789774,0.061283262724,0.00125,0.978637488602,0.0783050869771
18,0.984134094376,0.0619320883821,0.00125,0.978767747818,0.0773866859342
19,0.984495339951,0.061061127325,0.000625,0.978246710955,0.0774951327146
20,0.984943284464,0.0602601555279,0.000625,0.978898007034,0.0772148061777
21,0.984755436767,0.060072685033,0.0003125,0.978898007034,0.0775042225105
22,0.985058883029,0.0596408084232,0.0003125,0.97902826625,0.0765104271462
23,0.985203381259,0.0595918274106,0.00015625,0.97902826625,0.076748198182
24,0.984668737808,0.060777281258,0.00015625,0.978767747818,0.0768979570165
25,0.98516003179,0.0592258551971,0.0001,0.978767747818,0.0770325397157
26,0.985029983383,0.060215937565,0.0001,0.978637488602,0.0771399101075
27,0.98400404595,0.0609423785138,0.0001,0.978898007034,0.0763713487761
28,0.985188931455,0.0590405553574,0.0001,0.978767747818,0.0771392690623
29,0.984336391898,0.060336643314,0.0001,0.978898007034,0.0769805759663
30,0.984524239597,0.0600341781627,0.0001,0.978376970171,0.0773156406792
31,0.984755436746,0.0600201044093,0.0001,0.97902826625,0.0764021553174
32,0.984610938535,0.0606124689902,0.0001,0.978507229386,0.0774466639151
33,0.984986633914,0.0590448372614,0.0001,0.97902826625,0.0764904150533
