epoch,acc,loss,lr,val_acc,val_loss
0,0.569366375357,1.66318410286,0.01,0.635534714081,1.51450641276
1,0.792645040184,0.735607242967,0.01,0.789110329556,0.726225538171
2,0.865833393618,0.45956157693,0.01,0.864660674743,0.413484483267
3,0.904746766856,0.323059902637,0.01,0.886413963788,0.358571990676
4,0.927447438772,0.251498193097,0.01,0.91077243715,0.308766832926
5,0.943053247601,0.203563987092,0.01,0.933958577569,0.223515524841
6,0.951723141395,0.174228079545,0.01,0.932134948548,0.244155471662
7,0.958702405899,0.151345315756,0.01,0.953106682298,0.158508856971
8,0.964251137925,0.134157609306,0.01,0.964699752507,0.132453150196
9,0.967950292683,0.121506704883,0.01,0.959489383874,0.136341377947
10,0.97150494914,0.10956551633,0.01,0.961573531327,0.137944001822
11,0.973007730659,0.101748650212,0.01,0.967695714472,0.115515407177
12,0.976403439061,0.0918690665291,0.005,0.973948156832,0.100531071282
13,0.977819521711,0.0876566958238,0.005,0.973557379185,0.0964834247964
14,0.978961057803,0.0835604239939,0.0025,0.975511267422,0.0942477890298
15,0.979163355325,0.0823078855074,0.0025,0.975511267422,0.0898527409819
16,0.979567950293,0.0799681190462,0.0025,0.975641526638,0.09026942437
17,0.980015894879,0.0794420841554,0.0025,0.973557379185,0.0944761108488
18,0.980420489925,0.0777273271321,0.00125,0.976292822717,0.0879229415659
19,0.980247091973,0.0778316412125,0.00125,0.975511267422,0.0944645049103
