epoch,acc,loss,val_acc,val_loss
0,0.580536088438,10.1715269061,0.794971994269,2.26955595727
1,0.923849432863,1.06167974809,0.916243324215,0.756161154303
2,0.958081063526,0.536613964252,0.92861794972,0.614764113309
3,0.967935842805,0.444287115117,0.892536146932,0.611941038095
4,0.972762083664,0.403779377915,0.958186791716,0.430394226633
5,0.977342677571,0.365403376958,0.951934349355,0.446263865698
6,0.978542012879,0.347008660957,0.969519343494,0.373334862854
7,0.981720973937,0.320162047061,0.969128565846,0.348491938242
8,0.982515714183,0.303826553416,0.924710173253,0.498674995319
9,0.983397153404,0.291364136711,0.972385046242,0.318814112589
10,0.984249692941,0.281215916803,0.962355086622,0.352575483242
11,0.985723574886,0.268045938109,0.973036342321,0.299156529999
12,0.98705295862,0.257247863733,0.982936042725,0.272187940581
13,0.985925872408,0.256095249734,0.979809821545,0.27380871852
14,0.988151145148,0.242198068003,0.982415005862,0.249116099922
15,0.988122245502,0.236192054649,0.975120489775,0.272942313909
16,0.989032584371,0.229417315414,0.974599452919,0.26733546227
17,0.989726175854,0.223530107449,0.958186791716,0.331682305982
18,0.989711726031,0.218532525509,0.980070339977,0.244185553973
19,0.990015172314,0.216449370035,0.97902826625,0.238061216886
20,0.990650964526,0.20866223512,0.983587338804,0.226137734279
21,0.991084459215,0.205857237316,0.98528070861,0.219870302758
22,0.990520916119,0.20672405213,0.988667448222,0.202474665646
23,0.990535365942,0.203358581552,0.983196561157,0.220403186269
24,0.990997760296,0.198868107371,0.975381008206,0.243707562061
25,0.991604652843,0.194243670147,0.986062263905,0.202021806865
26,0.991720251446,0.19166494697,0.974859971343,0.259780240322
27,0.992153746136,0.188982203384,0.980982154487,0.230453816808
28,0.992543891337,0.18433013185,0.981633450567,0.21980022104
29,0.992327143992,0.181766714822,0.984629412531,0.20555060975
30,0.992832887797,0.180805264706,0.9868438192,0.197172602617
31,0.992991835869,0.178144093874,0.981893968998,0.211143402518
32,0.993251932664,0.174577948672,0.971864009379,0.246733165236
33,0.99328083231,0.174424580636,0.986062263905,0.198404856796
