epoch,acc,loss,lr,val_acc,val_loss
0,0.564858030506,1.70231514254,0.01,0.536407450827,1.7688740237
1,0.79371432701,0.751911232108,0.01,0.831574833919,0.567815426526
2,0.868651109034,0.467429081803,0.01,0.875862967305,0.387212864668
3,0.904674517815,0.335832649757,0.01,0.886413963788,0.37423657385
4,0.923733834264,0.266897514921,0.01,0.917676175589,0.24726302365
5,0.937562314867,0.219627351675,0.01,0.925361469324,0.227514037285
6,0.948197384585,0.185099109788,0.01,0.941904389736,0.183971829403
7,0.956838378732,0.159434774944,0.01,0.9449003517,0.178183653734
8,0.962300411822,0.140389579734,0.01,0.957796014068,0.144459886342
9,0.966866555964,0.125931787558,0.01,0.960661716816,0.129433228928
10,0.970088866411,0.112644759506,0.01,0.966523381529,0.118807117578
11,0.973600173472,0.10201702683,0.01,0.961964308975,0.134775454356
12,0.976475688175,0.0922848849197,0.005,0.971082454084,0.0990528727989
13,0.977053681094,0.0897677385306,0.005,0.971342972515,0.0941905996589
14,0.978007369486,0.0865420400614,0.005,0.971603490947,0.0973110977
15,0.979553500544,0.0821977578015,0.005,0.971994268595,0.0964752041631
16,0.980145943288,0.0791985353293,0.0025,0.974078416048,0.0932720359301
17,0.980449389497,0.0796219002971,0.0025,0.974208675264,0.0909956303254
18,0.981619825231,0.0769843609674,0.00125,0.976032304286,0.0895213739045
19,0.981504226575,0.0763303384493,0.00125,0.97590204507,0.0896774115912
20,0.981619825231,0.0756639399949,0.000625,0.975511267422,0.0885847849467
21,0.981215230188,0.0759902729981,0.000625,0.97525074899,0.0897553153916
22,0.981576475693,0.0756314025562,0.0003125,0.975641526638,0.0883275808885
23,0.982053319847,0.0739146954033,0.0003125,0.976162563501,0.0885235540759
24,0.981706524169,0.0748237350177,0.00015625,0.976553341149,0.0887700499528
25,0.981720973922,0.0745321369965,0.00015625,0.976162563501,0.0891187942209
26,0.981273029481,0.0754346208189,0.0001,0.976423081933,0.0885296963465
27,0.981562025939,0.0747285500911,0.0001,0.976162563501,0.0884909153104
28,0.981908821691,0.0744832922778,0.0001,0.976292822717,0.0885693151545
29,0.981417527637,0.0742671285205,0.0001,0.976162563501,0.088565394563
30,0.981359728419,0.075315626889,0.0001,0.976162563501,0.0890216301253
31,0.981619825157,0.0744364494878,0.0001,0.976553341149,0.0887769356779
32,0.981590925587,0.074582960972,0.0001,0.976292822717,0.0886249312464
33,0.981562025941,0.0747758092925,0.0001,0.976553341149,0.0880643317049
34,0.980680586737,0.0758033380433,0.0001,0.976292822717,0.0878446499858
35,0.981851022325,0.0748409531287,0.0001,0.976162563501,0.0885163436762
