epoch,acc,loss,val_acc,val_loss
0,0.774308214743,0.85046378572,0.884199556606,0.404742213658
1,0.970609060039,0.104675374419,0.976423081615,0.0815109132603
2,0.986171519399,0.0510743218361,0.983196560683,0.0626951465192
3,0.990809912598,0.0346024231136,0.981372931661,0.0581034489486
4,0.993468680009,0.0253340653344,0.983196560683,0.0573598615221
5,0.994913662308,0.0200000817353,0.985932004216,0.0517008887923
6,0.996344194803,0.0151747553387,0.983066301467,0.0605337264459
7,0.996922187703,0.0126960912553,0.986843818727,0.0517731182695
8,0.997442381331,0.0098049549465,0.986583300295,0.0579746617933
9,0.997890325844,0.00861508250697,0.987755633237,0.0475590918442
10,0.998757315223,0.00559658613068,0.988146410885,0.0469001161409
11,0.999017412037,0.00487538331152,0.987885892453,0.0461116390775
12,0.998959612764,0.00480457611971,0.987625374022,0.0475704390632
13,0.999147460444,0.00424564882253,0.988406929317,0.0469135547346
14,0.999089661171,0.00413928565311,0.988146410885,0.0478284257499
15,0.999147460444,0.00407599262088,0.988276670101,0.0483874698313
16,0.99917636009,0.00391921570029,0.988406929317,0.0474770221188
17,0.999306408496,0.00378685072695,0.988406929317,0.0477976783288
18,0.999205259736,0.00391899477783,0.987885892453,0.0488069147848
19,0.999248609223,0.003647481208,0.988016151669,0.0487736840992
