epoch,acc,loss,val_acc,val_loss
0,0.77642075212,1.01565812239,0.88826217582,0.509929467877
1,0.915819644763,0.377929628665,0.926179595501,0.325895366232
2,0.939325221863,0.271622321742,0.941328145684,0.267036407119
3,0.949282285629,0.22907487095,0.952355737686,0.215435772441
4,0.955003280639,0.202156479334,0.959895479608,0.185158341766
5,0.960942985732,0.180792428325,0.96432723631,0.166254267061
6,0.964108526239,0.166096655086,0.965927273146,0.160469649735
7,0.966364693282,0.155863387197,0.969184902098,0.145746624246
8,0.96835610604,0.147151782211,0.969541744846,0.141832552006
9,0.970416585124,0.139924028743,0.971153292738,0.13708103444
10,0.972845418024,0.131353846877,0.973225282884,0.130245381222
11,0.973167727602,0.129957177002,0.973478526124,0.129174917602
12,0.973432481893,0.129385513797,0.973605147744,0.128683339972
13,0.973432481887,0.12880931049,0.973823857815,0.128081671666
14,0.973754791471,0.128309803932,0.973985012605,0.127676112159
15,0.973628169857,0.127972120214,0.97390443521,0.127280423185
16,0.973869902041,0.127568362095,0.974100123168,0.126997255432
17,0.974019545768,0.127223839576,0.974077101056,0.126689741475
18,0.974019545774,0.126839353326,0.974226744788,0.126451343522
19,0.974100123168,0.126485207142,0.974226744788,0.126102414285
20,0.974192211613,0.126054803339,0.974192211619,0.125930457098
21,0.974249766901,0.125949883699,0.974295811127,0.125872214459
22,0.97429581112,0.125907613273,0.974341855352,0.125838404604
23,0.974272789014,0.125873171106,0.974353366408,0.125808753983
24,0.97428430007,0.12584254138,0.974376388521,0.12578310145
25,0.974387899578,0.125815818889,0.974376388521,0.125758921151
26,0.974364877465,0.125791630561,0.974341855352,0.125737901966
27,0.974341855352,0.125766655259,0.974445454859,0.125718439697
28,0.974399410628,0.125751125464,0.97441092169,0.125697634584
29,0.974364877465,0.125727534598,0.974399410634,0.125679308594
30,0.97441092169,0.125681846415,0.97441092169,0.125678798946
31,0.974387899565,0.125681039548,0.974422432747,0.125678343092
32,0.974422432747,0.125680810048,0.97441092169,0.125677913041
33,0.974399410634,0.125680261943,0.974422432747,0.125677514315
34,0.974399410628,0.125679804122,0.974422432747,0.125677149877
35,0.974433943803,0.125679298619,0.974422432747,0.12567677004
36,0.974433943803,0.125678863449,0.974433943803,0.125676416703
37,0.974422432747,0.125678364424,0.974433943803,0.125676109556
38,0.974433943803,0.125678017486,0.974433943803,0.125675800222
39,0.974445454859,0.125677681594,0.974433943803,0.125675519145
40,0.974433943797,0.125675562796,0.974433943803,0.125675510957
41,0.974433943797,0.125675550877,0.974433943803,0.125675507411
42,0.974433943803,0.125675548509,0.974433943803,0.125675497914
43,0.974433943803,0.12567552318,0.974433943803,0.125675496452
44,0.974433943797,0.125675520623,0.974433943803,0.12567548764
45,0.974433943791,0.125675526595,0.974433943803,0.125675482204
46,0.974433943791,0.125675506625,0.974433943803,0.125675477539
47,0.974433943791,0.125675504245,0.974433943803,0.125675474086
48,0.974433943803,0.125675497911,0.974433943803,0.125675472575
