epoch,acc,loss,lr,val_acc,val_loss
0,0.546969149642,1.76719011681,0.01,0.635795232513,1.37190128807
1,0.787154107371,0.765951074425,0.01,0.817246320177,0.586121735141
2,0.872783758406,0.445276677424,0.01,0.847726976684,0.500848820994
3,0.911653782319,0.309179374644,0.01,0.914549954409,0.283173763411
4,0.931666787085,0.240910835539,0.01,0.930962615605,0.228847050227
5,0.944512679799,0.197368111092,0.01,0.932655985411,0.219440840494
6,0.953717216966,0.168231891783,0.01,0.947114758369,0.185502493625
7,0.95930929854,0.147838074741,0.01,0.956232903478,0.152243681564
8,0.964771331627,0.131555936436,0.01,0.957144717989,0.148796310015
9,0.968181489854,0.118950719446,0.01,0.958968347011,0.14851975512
10,0.97088360675,0.109312227489,0.01,0.958968347011,0.154806050928
11,0.973311177012,0.10008350624,0.01,0.964048456428,0.127279222025
12,0.975363051878,0.0911971988348,0.005,0.969910121141,0.111372819557
13,0.976735785062,0.0875716354457,0.005,0.968086492119,0.109692537209
14,0.977342677626,0.0856902130481,0.005,0.968216751335,0.109653259815
15,0.978180767361,0.0826399748898,0.005,0.964439234076,0.123334520645
16,0.978773210106,0.0805128296778,0.0025,0.969128565846,0.109884717635
17,0.979351203024,0.0787283789563,0.0025,0.969258825062,0.106434230496
18,0.979712448598,0.0779762739116,0.00125,0.970431158004,0.105803428724
19,0.979697998775,0.0771958871288,0.00125,0.969519343494,0.107386019861
20,0.980218192329,0.0757381514249,0.000625,0.969779861925,0.10539721167
21,0.980752835854,0.0744333891235,0.000625,0.970300898789,0.104474486871
22,0.980247092047,0.0754000521021,0.0003125,0.970300898789,0.104834320165
23,0.980723936208,0.0752580960426,0.0003125,0.970040380357,0.105687210215
24,0.981070731884,0.0742224013821,0.00015625,0.970170639573,0.104476119964
25,0.980637237197,0.0746411506268,0.00015625,0.970300898789,0.1045319489
26,0.980593887801,0.0752274808647,0.0001,0.970300898789,0.104919161099
27,0.980059244278,0.0743916224855,0.0001,0.970691676436,0.104716919213
28,0.98085398454,0.0742242074672,0.0001,0.970431158004,0.104793245355
29,0.9804060401,0.0746074556937,0.0001,0.970431158004,0.104037404103
30,0.980348240736,0.0746809397997,0.0001,0.97056141722,0.104588545953
31,0.980145943288,0.0748748963937,0.0001,0.97056141722,0.104009164639
32,0.980767285601,0.07467397491,0.0001,0.970300898789,0.104885155632
33,0.980434939748,0.0748027221141,0.0001,0.970431158004,0.103661318048
34,0.980434939675,0.0751471589437,0.0001,0.970300898789,0.104358606808
35,0.980593887727,0.0738574496567,0.0001,0.970300898789,0.104060644443
36,0.980622787445,0.0734916741195,0.0001,0.97056141722,0.104281032079
37,0.980839534717,0.0739130181777,0.0001,0.970431158004,0.104355507031
38,0.980853984614,0.074427669226,0.0001,0.970300898789,0.104681180921
