epoch,acc,loss,val_acc,val_loss
0,0.667870818602,1.27613552745,0.832356389215,0.604729382594
1,0.940062134239,0.209121276395,0.960922235248,0.153492460454
2,0.973889169877,0.0906872570651,0.966523381529,0.118169597207
3,0.985001083737,0.0548180697364,0.976944118796,0.0808167829164
4,0.988815837006,0.0393839216,0.982805783509,0.069014848894
5,0.99096886065,0.0312656722667,0.984108375668,0.0623958988425
6,0.992775088505,0.0252952710541,0.984889930963,0.0638233293476
7,0.993092984611,0.0242338716528,0.983978116452,0.0579740702993
8,0.995448305758,0.0162370667486,0.984759671747,0.054906516457
9,0.996185246731,0.0136815688988,0.983196561157,0.06659555635
10,0.997789177102,0.0085731460934,0.985671486258,0.0561574702036
11,0.997991474623,0.00813064102217,0.986192523121,0.0572034372172
12,0.998323820533,0.00736203246732,0.987104337632,0.0560985427396
13,0.998424969294,0.00651288295475,0.9868438192,0.057053699549
14,0.998583917347,0.00667237153384,0.985801745473,0.0567571164623
15,0.998424969294,0.00624582391999,0.986583300769,0.0573612032193
16,0.9987428654,0.00553112517327,0.985932004689,0.057322518187
17,0.998685066108,0.00588853976097,0.9868438192,0.0556696823531
18,0.998627266816,0.00550054648419,0.986322782337,0.0568908328082
19,0.998786214869,0.00557526801897,0.986713559984,0.0587517895721
20,0.998699515931,0.00515197553538,0.986453041553,0.0579037707458
21,0.998786214869,0.00514258623108,0.986453041553,0.0579018160529
22,0.998786214889,0.00527823335911,0.986322782337,0.057770278965
23,0.99888736363,0.00508943353411,0.986192523121,0.0585129006727
