epoch,acc,loss,val_acc,val_loss
0,0.812058982653,0.749224588318,0.923877384228,0.267915109278
1,0.95709829291,0.155911137945,0.974169189507,0.0878356204785
2,0.976010958524,0.086680701181,0.987268771655,0.0470139566313
3,0.983009680798,0.0628585909418,0.991608439907,0.0316832446859
4,0.986969484183,0.048085061269,0.992471769134,0.0294216839261
5,0.989858759338,0.037197913014,0.995476154847,0.0185572681104
6,0.991527862512,0.0320438678193,0.996097751891,0.0166461962685
7,0.993093366178,0.0266732439593,0.997191302246,0.0130604228266
8,0.993737985335,0.0239864320159,0.997904987741,0.010649717325
9,0.994854557803,0.0202826040058,0.99806614253,0.00893576877772
10,0.995994152383,0.0161537151467,0.998848894363,0.00701378806761
11,0.996961081118,0.0146704173955,0.998814361194,0.00666986755357
12,0.996684815766,0.0144264469671,0.998917960701,0.00639556359862
13,0.997156769077,0.013468192264,0.99882587225,0.00630030380995
14,0.996615749427,0.0141725561631,0.998940982814,0.00605162088453
15,0.996984103231,0.0131486364756,0.998964004927,0.00600979941694
16,0.997053169569,0.0132449824788,0.998964004927,0.00587649761332
17,0.997340945979,0.0126129331252,0.998998538096,0.00579040161817
18,0.997329434916,0.0126540988164,0.99895249387,0.0057396843398
19,0.997145258014,0.0126945616101,0.999090626547,0.00555997812642
20,0.99727187964,0.0120243010476,0.999090626547,0.00552656052869
21,0.997294901747,0.0121317690029,0.999102137603,0.00551728504038
22,0.997283390697,0.0122710487769,0.999067604434,0.00550251159054
23,0.997410012317,0.0120496330323,0.99907911549,0.00549914651781
24,0.997237346471,0.0121737082295,0.999102137603,0.00546115390196
25,0.99730641281,0.012175055778,0.99911364866,0.00546292645965
26,0.997490589711,0.0119014027196,0.99911364866,0.00544091301078
27,0.997467567599,0.0114086316095,0.99911364866,0.00542042079148
28,0.997628722388,0.0116058424604,0.999125159716,0.00541737395403
29,0.997363968091,0.0117735526741,0.999090626547,0.00541134745664
30,0.997352457035,0.0119424879527,0.99911364866,0.00541846348579
31,0.997456056542,0.011735251575,0.999125159716,0.00541254748115
32,0.997628722382,0.0115615447577,0.999136670772,0.00539009138134
33,0.997352457035,0.0122578231366,0.999136670772,0.00539591546581
34,0.99739850126,0.0123106059986,0.999136670772,0.00538034136025
35,0.997421523373,0.0119866586928,0.999090626547,0.0053970915246
36,0.997536633931,0.0117122702942,0.99911364866,0.00539131499546
37,0.997352457035,0.0119131363792,0.999125159716,0.00537533434135
38,0.997294901753,0.0120094628489,0.999125159716,0.00537847296747
39,0.997571167106,0.011426878659,0.999125159716,0.00539522746443
40,0.997513611824,0.0119508164577,0.99911364866,0.00538236488408
41,0.997525122881,0.0116267850228,0.999136670772,0.00537235066003
42,0.997536633937,0.0114379049634,0.99911364866,0.00537151318564
43,0.997502100762,0.0115317964455,0.99911364866,0.00537197044533
