epoch,acc,loss,val_acc,val_loss
0,0.750408207499,0.983971980731,0.908818548912,0.28611984089
1,0.966678708186,0.118358943917,0.947245017585,0.192961925712
2,0.983772848783,0.0601370383128,0.979549303113,0.0643429360911
3,0.989639476935,0.0386671828141,0.974729712127,0.0788567428916
4,0.992905136912,0.0276010665316,0.981112413703,0.0727439554953
5,0.994581316379,0.0220802896565,0.985801745473,0.0537697753176
6,0.995780651687,0.0183052415695,0.98528070861,0.0559116264181
7,0.996373094449,0.0154492878978,0.987364856064,0.0430195909087
8,0.996979986995,0.0130419926875,0.988146411359,0.0447562561196
9,0.997659128676,0.0109695413659,0.987104337632,0.0473371697831
10,0.998439419117,0.0088067273323,0.987495115279,0.0440502455998
11,0.998815114515,0.00792066892342,0.987755633711,0.0430477894959
12,0.998526118055,0.00812927421402,0.987234596848,0.043055184619
13,0.9987428654,0.00765451245902,0.988016152143,0.0435624696236
14,0.998757315223,0.00741447918452,0.987625374495,0.0436818569378
15,0.9987428654,0.00729107942301,0.987364856064,0.0441240614303
16,0.998974062568,0.00699945840269,0.987104337632,0.043951073927
17,0.998916263276,0.00674130422943,0.987885892927,0.0430463603608
18,0.999002962214,0.00655587205094,0.987885892927,0.0434015381457
19,0.999002962214,0.00662978067391,0.988016152143,0.0430517850033
