epoch,acc,loss,val_acc,val_loss
0,0.796438479115,0.825988009408,0.907992126437,0.350391967106
1,0.952643514037,0.175591238956,0.961622138064,0.128286275745
2,0.97132595853,0.104496895156,0.977069975712,0.0798204770619
3,0.97993622875,0.0720916038241,0.983585233617,0.0550285229022
4,0.985392469467,0.0530475709956,0.989455872365,0.0377194657554
5,0.988500454689,0.042505966172,0.993450208926,0.0259246161172
6,0.990779643848,0.0340028483074,0.994773980408,0.0197690097106
7,0.991550884625,0.030409753422,0.995222911607,0.0171801751157
8,0.993001277672,0.0255453011463,0.996235884567,0.0137784011711
9,0.994140872308,0.0213730780296,0.99651214992,0.0127932801414
10,0.996201351398,0.0148677798674,0.998641695348,0.00592975461122
11,0.996535172033,0.0137074947831,0.998860405419,0.00527466173483
12,0.996903525778,0.0130879667385,0.998837383307,0.00500550917521
13,0.997099213737,0.0122517305284,0.998940982814,0.0046953186359
14,0.99714525802,0.0117924473543,0.999056093378,0.00445600779594
15,0.997352457035,0.0113040264696,0.998998538096,0.00431893305921
16,0.99739850126,0.0110513711399,0.999010049152,0.0041214729185
17,0.997386990204,0.0109815763445,0.999056093378,0.00405394591023
18,0.99730641281,0.0107557208305,0.999056093378,0.00401065467352
19,0.997594189219,0.00992124394159,0.999125159716,0.00370598014514
20,0.997663255557,0.0101981832984,0.99911364866,0.00369237935889
21,0.997686277611,0.00958770370399,0.999136670772,0.00364085324578
22,0.997456056542,0.010363652889,0.999148181829,0.00362932365269
23,0.997421523373,0.0104475330156,0.999148181829,0.00361003213389
24,0.997766855064,0.00960770346361,0.999182714998,0.00356066471459
25,0.997766855064,0.00972365720469,0.999194226054,0.00352436884659
26,0.997444545428,0.0100475902758,0.99920573711,0.00354203005709
27,0.997732321895,0.00957961481115,0.999194226054,0.0035236742405
28,0.997697788726,0.00965253797713,0.99920573711,0.00352379468162
29,0.997709299782,0.00944824096448,0.99920573711,0.00351683522407
30,0.997640233444,0.00952596827609,0.999194226054,0.00348741636885
31,0.997732321895,0.00973933042195,0.999194226054,0.00348979249812
32,0.997720810839,0.00935699722606,0.99920573711,0.0034691450827
33,0.997663255557,0.00984133459636,0.999194226054,0.00348016778467
34,0.997720810839,0.00949136525056,0.999217248167,0.00348664994721
35,0.997617211331,0.00972061573961,0.99920573711,0.00346463901847
36,0.997801388233,0.00942617718133,0.99920573711,0.00345583024111
37,0.997548144993,0.00970826060191,0.999217248167,0.00346785654735
38,0.99768627767,0.00982149532002,0.99920573711,0.00345439620242
39,0.997939520852,0.0093802454945,0.99920573711,0.0034786490869
40,0.997548144993,0.00986661557842,0.999194226054,0.00346824855113
41,0.997628722388,0.00975742801985,0.99920573711,0.00345043514906
42,0.997674766613,0.00959335473681,0.999194226054,0.00346892203265
43,0.997617211331,0.00965255692703,0.999217248167,0.00348053870157
44,0.997835921403,0.00922173679544,0.999194226054,0.00347353801287
45,0.997674766613,0.00956151790876,0.999194226054,0.0034521500414
