epoch,acc,loss,val_acc,val_loss
0,0.76128892423,0.896307221095,0.875862967305,0.4330097734
1,0.965970666859,0.117779907281,0.971342972515,0.107437687403
2,0.983570551261,0.0599674828689,0.981503191351,0.0752409263943
3,0.989177082581,0.0409722249516,0.982024228214,0.0684371460882
4,0.991965898418,0.0300853054106,0.983066301941,0.0642547944186
5,0.993497579655,0.0247124758445,0.985020190178,0.0541062367632
6,0.994985911423,0.0196209757247,0.986192523121,0.0578204394049
7,0.996170796908,0.0150918132584,0.986583300769,0.054088471707
8,0.996243046023,0.0139243748429,0.986192523121,0.0526075194227
9,0.997081135756,0.0111350432265,0.986974078416,0.0494741714804
10,0.998251571418,0.00753231127354,0.987885892927,0.0470731406018
11,0.998555017701,0.00655492686117,0.987234596848,0.0493446401794
12,0.998511668232,0.00629197295364,0.987885892927,0.0494771018898
13,0.998627266816,0.00604445601875,0.988276670574,0.0474336153071
14,0.998627266816,0.00581440796392,0.988146411359,0.0475704353977
15,0.998699515931,0.00548029269867,0.988537189006,0.047628262915
16,0.998771765046,0.00555204658018,0.988276670574,0.047571602492
17,0.998656166462,0.00551290307948,0.987885892927,0.0486648165915
18,0.998786214869,0.00546622072482,0.987625374495,0.0480912519635
19,0.998815114515,0.00503321152973,0.988537189006,0.0481705180183
20,0.998815114515,0.00515276154059,0.988276670574,0.048036214004
21,0.998945162922,0.00479699842054,0.988276670574,0.048078694963
22,0.998901813453,0.00502097626682,0.988276670574,0.0478740318804
23,0.998959612745,0.00484943207426,0.988276670574,0.047959768058
24,0.998930713099,0.00480843133409,0.988276670574,0.0481689042143
25,0.998945162922,0.0048781355894,0.988146411359,0.0482890345944
26,0.998670616285,0.00505287382771,0.988146411359,0.0484688062804
