epoch,acc,loss,val_acc,val_loss
0,0.778339715338,2.06139854825,0.799270548393,1.60459983708
1,0.955494545211,0.850444693131,0.885241630845,0.905740963756
2,0.973152228904,0.526727912033,0.909339585776,0.636730080115
3,0.977328227729,0.379150068135,0.939820242282,0.482257628765
4,0.979799147479,0.302497760875,0.922626025791,0.487670486659
5,0.981851022325,0.258853635727,0.966914159177,0.313565749447
6,0.983454952677,0.231172284801,0.887977074378,0.568177437598
7,0.984408640994,0.214607111977,0.895792627328,0.55617012587
8,0.985073332871,0.201095695732,0.947766054448,0.332214173002
9,0.985102232498,0.195430390313,0.93982024229,0.366155489054
10,0.986720612672,0.184230413325,0.940732056793,0.33595084711
11,0.987919947981,0.174943767053,0.978116451739,0.203547531809
12,0.987616501698,0.172461489357,0.970300898789,0.23282329993
13,0.988974785059,0.163555007171,0.977595414876,0.200700833077
14,0.988324543024,0.162541667886,0.965481307803,0.239299093751
15,0.989596127466,0.155136038997,0.966393122313,0.232660884674
16,0.99076656311,0.148574883039,0.960531457601,0.252972244302
17,0.99057871543,0.14636699021,0.974078416048,0.203383817748
18,0.990072971625,0.147235452356,0.977855933307,0.19813381209
19,0.99159020302,0.13909170815,0.95740523642,0.261012278192
20,0.992023697729,0.135061426364,0.971082454084,0.209380588518
21,0.992225995232,0.131797529883,0.97277582389,0.21213154654
22,0.991994798064,0.130326982163,0.971212713303,0.193100822567
