epoch,acc,loss,val_acc,val_loss
0,0.691048334677,3.48602418646,0.519734271202,3.98222696373
1,0.947662741131,1.36230033223,0.898267552429,1.19198158976
2,0.971606097845,0.768497579197,0.940471538369,0.708713781567
3,0.97786287118,0.499286469581,0.90608310538,0.675208656586
4,0.981273029405,0.364135012785,0.958317050931,0.407632173618
5,0.983599450907,0.286823228627,0.92705483913,0.451875674268
6,0.984683187631,0.244401116889,0.937345317181,0.42001845322
7,0.985882522939,0.218197506305,0.959359124658,0.307750961759
8,0.987356404884,0.198175914466,0.933177022274,0.389747039996
9,0.988627989326,0.182692261882,0.957014458773,0.293247284042
10,0.98820894444,0.178587454331,0.950631757197,0.327488309504
11,0.990116321094,0.165464401096,0.976813859581,0.213844397787
12,0.989668376581,0.162788840389,0.916243324223,0.495255882338
13,0.989899573749,0.159288525791,0.976032304286,0.21040072994
14,0.991113358861,0.152628385497,0.978767747818,0.194336083949
15,0.991662452135,0.146260241323,0.965741826234,0.233958117741
16,0.991575753197,0.142860510798,0.976423081933,0.199580717585
17,0.992500541887,0.136533303996,0.955972385046,0.267791626452
18,0.992442742576,0.135226979151,0.978898007034,0.177900389852
19,0.993165233726,0.128844047708,0.978507229386,0.17498882631
20,0.993945524167,0.124448249059,0.980851895272,0.165335605522
21,0.993685427354,0.122374458368,0.976032304286,0.181003045413
22,0.993540929143,0.121010034672,0.957926273284,0.244802720658
23,0.994147821689,0.119106866531,0.963657678781,0.241193002434
24,0.993540929124,0.118938461939,0.979940080761,0.168350224264
25,0.994841413212,0.11346123924,0.95115279406,0.286935809588
26,0.994118922043,0.114363569536,0.96899830663,0.212297135674
27,0.99468246514,0.11187861499,0.980200599192,0.164914589788
28,0.995491655227,0.106855416619,0.983196561157,0.144723693648
29,0.995419406112,0.104594320476,0.974859971343,0.178927073871
30,0.995144859475,0.103957581595,0.971082454084,0.190623411021
31,0.995058160538,0.104164179353,0.977074378012,0.178523480099
32,0.995246008236,0.103572491692,0.969389084278,0.214957975984
33,0.995376056643,0.102173477812,0.987104337632,0.128033046794
34,0.995982949209,0.0980344984327,0.969128565846,0.194527506841
35,0.995260458078,0.0998001650353,0.979809821545,0.158322814635
36,0.99608409797,0.0964525401066,0.986453041553,0.127308883436
37,0.996055198343,0.0956272137616,0.980851895272,0.151897442706
38,0.995780651687,0.0967020110864,0.976683600365,0.175481958427
39,0.995925149917,0.0945785021717,0.982545265078,0.145377617813
40,0.996199696573,0.0926323774853,0.980200599192,0.157208150612
41,0.996416443899,0.0919369342941,0.983587338804,0.138209749279
42,0.9962285962,0.0911663599555,0.967174677616,0.205409987754
