epoch,acc,loss,val_acc,val_loss
0,0.760248536975,0.898266447912,0.832877426078,0.570423740251
1,0.964973629073,0.120327464282,0.953497459945,0.164650103143
2,0.983772848783,0.0573920894072,0.980200599192,0.0768113453476
3,0.989870674084,0.0361726184148,0.98215448743,0.0615606479486
4,0.992312694169,0.0271437869547,0.981242672919,0.0696108306691
5,0.993974423813,0.0214153858879,0.982024228214,0.062139674643
6,0.995592803988,0.0162281792275,0.985150449394,0.0652381803362
7,0.996604291597,0.0124930258186,0.983587338804,0.0672709174463
8,0.997081135756,0.0110885959358,0.98528070861,0.0552363884209
9,0.997427931527,0.00880808148216,0.983326820373,0.0636373028972
10,0.998280471064,0.00672437093011,0.984889930963,0.0563808557827
11,0.998699515931,0.00505221082561,0.985541227042,0.0563943734271
12,0.998844014161,0.00479667078871,0.985801745473,0.0551154479699
13,0.998858463984,0.00465609706741,0.985410967826,0.0576148552247
14,0.998959612745,0.00429626703034,0.986062263905,0.055647645292
15,0.998988512391,0.00423393670006,0.985671486258,0.0546577403479
16,0.999046311683,0.00419041858779,0.985671486258,0.0549676433423
17,0.999002962214,0.00411696906688,0.985671486258,0.0561216857116
18,0.99917636009,0.00394065657672,0.985410967826,0.0571777233851
19,0.99903186186,0.0039127788068,0.985671486258,0.0564443444065
20,0.999161910267,0.00371897545542,0.985541227042,0.0561947382906
21,0.999248609205,0.003569372935,0.985932004689,0.0564276121186
22,0.99917636009,0.00350981381153,0.985801745473,0.0561822297981
23,0.999219709559,0.00341663655647,0.985541227042,0.0564900606284
24,0.999306408496,0.00332569258354,0.985801745473,0.056348812025
25,0.999263059028,0.00332912835438,0.985932004689,0.0560416313802
