epoch,acc,loss,val_acc,val_loss
0,0.711364785781,1.12546995321,0.877556337111,0.424092656605
1,0.947749440069,0.181272157477,0.951022534844,0.17629296431
2,0.973079979789,0.0942237648398,0.970040380357,0.119244234647
3,0.98303590781,0.0576056976072,0.975511267422,0.0909136244346
4,0.988266743751,0.042275727856,0.976292822717,0.0940699495664
5,0.990838812225,0.0310983788961,0.981112413703,0.0749258504156
6,0.993121884257,0.0239384630047,0.980851895272,0.0791114411257
7,0.994523517106,0.0192005002989,0.983196561157,0.0680581335508
8,0.995563904342,0.0156300765544,0.983326820373,0.0717022424206
9,0.996358644607,0.0128179669635,0.980851895272,0.0892361004663
10,0.997702478145,0.00876273069989,0.984238634883,0.0658037451473
11,0.997977024781,0.0075139887755,0.984889930963,0.0640372384008
12,0.998266021241,0.00704020319918,0.985541227042,0.0643759583565
13,0.998381619825,0.00671883022299,0.984759671747,0.0634628468356
14,0.998396069648,0.00634296882407,0.984499153315,0.0661089612269
15,0.998381619825,0.00634262064888,0.984759671747,0.066267634009
16,0.998583917347,0.00586957065843,0.984629412531,0.0651509653615
17,0.998685066108,0.00535718395859,0.985020190178,0.0673460460165
18,0.998641716639,0.00548886715285,0.984499153315,0.0641952423166
19,0.998641716658,0.0054366895559,0.983978116452,0.0642003401118
20,0.998713965754,0.00511148774117,0.984499153315,0.0634631998731
21,0.998872913807,0.00487617866573,0.984629412531,0.0641445347057
22,0.999060761506,0.00463483244669,0.984759671747,0.0643818211826
23,0.99888736363,0.00489885102505,0.984499153315,0.0643029581322
