epoch,acc,loss,val_acc,val_loss
0,0.845343544542,0.568040816862,0.932916503843,0.226962300904
1,0.977573874739,0.0827496435236,0.9736876384,0.0847149057261
2,0.987905498158,0.0466023549315,0.983196561157,0.0613276376521
3,0.990853262048,0.0342659489078,0.983196561157,0.0624950247502
4,0.993251932664,0.026138020534,0.983196561157,0.0617062149094
5,0.994480167618,0.0211506449303,0.984889930963,0.0502149169103
6,0.996127447439,0.0165407294863,0.987625374495,0.0476530583452
7,0.996951087349,0.0140149090054,0.987234596848,0.0478371973423
8,0.997023336464,0.0129856918139,0.988667448222,0.0432595504137
9,0.997789177083,0.0106740005886,0.988797707438,0.0461185424482
10,0.998439419117,0.00882175520185,0.989709521949,0.0428810764376
11,0.9987428654,0.00789670022938,0.989318744301,0.0436740411344
12,0.998916263276,0.00740082971943,0.988797707438,0.0431913060763
13,0.998815114515,0.00735647315284,0.989058225869,0.0432784162145
14,0.99884401418,0.00745833175568,0.989188485085,0.0428065256352
15,0.998959612745,0.00713026981921,0.988537189006,0.0429946582414
16,0.998728415577,0.00747309256744,0.989188485085,0.0437221478845
17,0.998844014161,0.00690987544536,0.989188485085,0.0430478772925
18,0.998959612745,0.00660725806721,0.989188485085,0.0433139954161
19,0.999017412037,0.00679856085725,0.988667448222,0.0432971030558
20,0.998988512391,0.00684380833302,0.989318744301,0.0436627284118
21,0.999060761506,0.0066306313912,0.989058225869,0.0431821272649
