epoch,acc,loss,val_acc,val_loss
0,0.552853015326,1.98235231658,0.651157436718,1.43729380532
1,0.761053491873,1.0029516455,0.800029928747,0.804555855247
2,0.833906967623,0.661074190418,0.853809584106,0.530215056634
3,0.875646057991,0.488566334788,0.880169903192,0.440843082106
4,0.902340197721,0.389338482465,0.908371991298,0.333786808081
5,0.920216868257,0.321723035911,0.932671831294,0.257068105931
6,0.931785479909,0.277986389714,0.939048956523,0.231652608239
7,0.939831708314,0.2448583659,0.948879398662,0.190923473392
8,0.947233317565,0.218940762941,0.950652101343,0.186288393336
9,0.951008944041,0.200910525576,0.959170283057,0.152602540237
10,0.955279545962,0.183122804058,0.963141597504,0.13849032621
11,0.95621194152,0.179921334973,0.964085504127,0.135811909544
12,0.956568784267,0.177863263094,0.964281192085,0.134460647427
13,0.956902604899,0.177541954517,0.964764656453,0.13266195669
14,0.956534251104,0.175774262418,0.964960344411,0.132184372674
15,0.957512690884,0.174287694619,0.965190565538,0.13113261993
16,0.95801917737,0.17299216431,0.965040921805,0.130607223259
17,0.958088243714,0.172313278782,0.965731585188,0.129521100154
18,0.957742912014,0.171800820552,0.965938784202,0.128465062973
19,0.958191843213,0.171434197616,0.96629562695,0.127478813172
20,0.958606241242,0.169506646177,0.966479803852,0.127092889308
21,0.958525663847,0.169925497491,0.966364693288,0.126966195047
22,0.958306953776,0.169607544939,0.966399226457,0.126923323132
23,0.959250860404,0.168221108817,0.966468292795,0.127044918569
24,0.958951572939,0.169213642667,0.966353182232,0.127107664222
25,0.958894017657,0.169300820976,0.966560381246,0.126859341265
26,0.958836462378,0.170130652522,0.966525848077,0.12690353081
27,0.958686818645,0.169803181703,0.966594914415,0.126619406339
28,0.959285393565,0.169419015406,0.966468292795,0.126867324451
29,0.958744373977,0.167945857806,0.966502825964,0.126770755356
30,0.959458059419,0.167815677056,0.966399226457,0.126897297718
31,0.959124238779,0.168491271716,0.966514337021,0.126881465757
32,0.959273882564,0.167761739476,0.966502825964,0.12708712689
33,0.95976885793,0.166557740617,0.966629447584,0.126816453328
34,0.95882495131,0.168550134217,0.966502825964,0.126711840884
35,0.959262371458,0.167969882323,0.966410737513,0.127010237154
36,0.959020639268,0.168426963125,0.966571892303,0.126596244689
37,0.959757346932,0.167529863694,0.966571892303,0.126516858119
38,0.959158772011,0.168641778069,0.966514337021,0.126895523826
39,0.958583219129,0.169093291176,0.966583403359,0.126676720907
40,0.959135749835,0.168727456192,0.966376204344,0.127032349035
41,0.959147260891,0.167718945521,0.966399226457,0.12700810875
42,0.958870995536,0.169089904258,0.96654887019,0.126780811176
43,0.958698329693,0.168297053348,0.966399226457,0.127004390304
44,0.959377482077,0.167108198903,0.966687002866,0.126296609685
45,0.959412015185,0.16789774285,0.96642224857,0.12675440047
46,0.958974595051,0.167858745156,0.966491314908,0.12684935415
47,0.959170283004,0.167613855764,0.966491314908,0.126836084606
48,0.958468108576,0.170092982463,0.966583403359,0.126709217803
49,0.958778907093,0.169327683014,0.966410737513,0.126665784382
50,0.959296904685,0.167690476476,0.966571892303,0.126635076249
51,0.958767396087,0.168516145354,0.96642224857,0.127080992849
52,0.959066683497,0.1687944083,0.966433759626,0.127055912031
53,0.959250860404,0.16836138316,0.966468292795,0.126981317909
54,0.959124238779,0.168557180619,0.966583403359,0.126427668064
55,0.958974595051,0.170533166052,0.966387715401,0.126902787336
