epoch,acc,loss,val_acc,val_loss
0,0.613698432196,3.05754440877,0.757066562459,1.79220839914
1,0.928227729229,1.03930560824,0.907255438324,0.910376456654
2,0.969395274927,0.59951206392,0.92236550736,0.647697707281
3,0.97714038003,0.414401139909,0.944118796405,0.48314474958
4,0.980955133319,0.318911566117,0.963657678781,0.358481892702
5,0.984639838165,0.258817940724,0.92549172854,0.414629085425
6,0.985449028268,0.227543105867,0.956363162694,0.332680403526
7,0.98709630807,0.20795343541,0.955451348183,0.29569627511
8,0.988454591451,0.190707607802,0.963787937997,0.267919592485
9,0.988859186475,0.180107679523,0.91389865833,0.435095056855
10,0.989928473376,0.169325109806,0.972645564674,0.224253551591
11,0.989827324615,0.164223378114,0.960010420737,0.27321167277
12,0.991113358861,0.156024297067,0.975641526638,0.202425382875
13,0.991055559569,0.150530517627,0.941774130527,0.318586095595
14,0.992457192399,0.144005816338,0.946593721506,0.298232919759
15,0.991806950365,0.143030510201,0.944639833276,0.310749172893
16,0.99313633408,0.136963317258,0.980330858408,0.181541826729
17,0.993251932683,0.132704594148,0.982284746646,0.170156976375
18,0.993353081444,0.131757718408,0.96274586427,0.251924784708
19,0.993974423832,0.127251800506,0.967565455256,0.235678609696
20,0.993439780363,0.126171303545,0.903608180283,0.469155882848
21,0.994610216044,0.119620098127,0.979288784682,0.175331870119
22,0.993902174698,0.120168805906,0.96899830663,0.202699461784
23,0.995087060184,0.114295842877,0.976683600365,0.1805034688
24,0.994480167618,0.114878298848,0.982675524293,0.156724115706
25,0.995231558413,0.110029572958,0.974469193695,0.178864024306
26,0.995390506466,0.109061198556,0.977725674091,0.166534811897
27,0.995491655227,0.107539627527,0.97433893448,0.186903222925
28,0.99482696337,0.108767967445,0.969910121141,0.203416578702
29,0.995722852395,0.104620285583,0.984629412531,0.144356455407
30,0.995621703634,0.104377935761,0.984499153315,0.13896989348
31,0.996069648147,0.100354700021,0.979419043897,0.170228412668
32,0.995751752041,0.100677288152,0.988537189006,0.12649879538
33,0.996199696554,0.0988542066009,0.984238634883,0.144551941117
34,0.996243046023,0.0972534042872,0.983847857236,0.14289488686
35,0.996011848874,0.096520020515,0.982805783509,0.14783552541
36,0.996705440358,0.0942072660951,0.987755633711,0.12001912452
37,0.997254533632,0.0894028170971,0.976944118804,0.157586466048
38,0.996185246731,0.0919414702994,0.9868438192,0.131490404329
39,0.996690990535,0.090289961181,0.990230558812,0.114155388186
40,0.997225633986,0.0876943337336,0.985671486258,0.127591918931
41,0.99676323965,0.0878230677304,0.985541227042,0.128571343729
42,0.997225633986,0.0854800987415,0.985020190178,0.132693535316
43,0.996705440358,0.0883597915814,0.970431158004,0.178663842605
44,0.997095585579,0.0857144611318,0.985541227042,0.1276827388
45,0.997297883101,0.0847114885251,0.976423081933,0.15654659078
46,0.996589841774,0.0864203090835,0.976032304286,0.170800780242
47,0.997037786287,0.0848341640804,0.976162563501,0.18039689666
48,0.997268983455,0.0828879337088,0.985801745473,0.124299510877
49,0.997514630446,0.0811987306055,0.983326820373,0.130264276099
50,0.999234159382,0.072580871229,0.992966002345,0.0949802395867
51,0.999667654071,0.0693619310525,0.992966002345,0.0914086480248
52,0.999826602124,0.0674865992448,0.99374755764,0.0883096708937
53,0.999696553717,0.0663514589713,0.993356779992,0.0882958059572
54,0.999812152301,0.0648288136065,0.99374755764,0.0873415564466
55,0.999826602124,0.0636861105624,0.993617298424,0.0882026410033
56,0.999826602124,0.0626198199824,0.99374755764,0.0856095770129
57,0.999869951593,0.0616694276104,0.993487039208,0.0843775726974
58,0.999869951593,0.0607020260928,0.993096261561,0.085502149866
59,0.999884401416,0.0596837698426,0.993487039208,0.0843574455095
60,0.999898851239,0.0588172802898,0.993356779992,0.083666642208
61,0.999971100354,0.0579358354518,0.993487039208,0.0820989392167
62,0.999826602124,0.057446369758,0.993226520776,0.0829710868438
63,0.999898851239,0.0566140954089,0.993617298424,0.0799676782702
