epoch,acc,loss,val_acc,val_loss
0,0.74659345425,0.949405410895,0.909469844992,0.305185276848
1,0.957329672712,0.147991041856,0.964569493292,0.119302571867
2,0.980362690557,0.0703490771208,0.977986192523,0.0839936677091
3,0.98845459145,0.0431337275339,0.976553341149,0.0767135211343
4,0.991344556029,0.0306709497279,0.982024228214,0.0654168433997
5,0.992803988151,0.0252857062935,0.981763709782,0.0688822810258
6,0.994855863016,0.0187852011333,0.983457079588,0.0618175203642
7,0.995708402572,0.0157033986892,0.981372932135,0.0752560182296
8,0.996517592659,0.0124766214091,0.98528070861,0.0605975715871
9,0.997211184163,0.00963682474008,0.985150449394,0.0578557379205
10,0.998309370729,0.00703962870443,0.985801745473,0.0524157751901
11,0.998569467524,0.00608023053814,0.986583300769,0.0527710861473
12,0.998713965754,0.00530204267408,0.985932004689,0.0549396087542
13,0.998728415577,0.00532660534915,0.986322782337,0.0535533134313
14,0.998815114515,0.00506265832586,0.986192523121,0.0559747258885
15,0.998771765046,0.00518293397301,0.985410967826,0.0571673191023
16,0.998757315223,0.00507349850829,0.986062263905,0.0560463188961
17,0.998713965754,0.00512674064931,0.985801745473,0.0552634081046
18,0.998959612745,0.00466750286993,0.986062263905,0.0550705713029
19,0.998829564338,0.00466536272573,0.986192523121,0.0558581507352
20,0.999147460444,0.00407355549989,0.986322782337,0.0559828555842
21,0.99888736363,0.00465322415952,0.986583300769,0.0551497351661
22,0.998916263276,0.00450538136647,0.986453041553,0.0557931594632
