epoch,acc,loss,val_acc,val_loss
0,0.698823768042,0.937491784275,0.760555668221,0.647643105538
1,0.79297302781,0.58462334654,0.822277428513,0.508552467484
2,0.845700669277,0.457399309813,0.861569661326,0.422168367056
3,0.876799837766,0.382983090147,0.875714865139,0.3872257583
4,0.893703102843,0.336230874182,0.904126951937,0.293983355991
5,0.905201784662,0.305523021406,0.895700669235,0.322845210996
6,0.911985398528,0.283773157983,0.917643480024,0.257441289511
7,0.918343135298,0.263244176738,0.908010545528,0.285595504937
8,0.924143175865,0.247335161802,0.923991076861,0.239543786718
9,0.927742851387,0.235403345884,0.924619752586,0.254223850755
10,0.930429933115,0.226421737505,0.934414925979,0.209982449465
11,0.92951733933,0.227848426934,0.93326911377,0.211509660209
12,0.930500912632,0.224726134852,0.935053741635,0.206383156819
13,0.931241127572,0.223792186216,0.934201987426,0.20903708916
14,0.932386939798,0.223117599623,0.934982762117,0.206523394585
15,0.932103021757,0.221939461765,0.934191847495,0.209984195604
16,0.932549178697,0.221363209102,0.936158994119,0.204013655648
17,0.931585885235,0.221410680197,0.934475765565,0.207718908545
18,0.933137294734,0.219974823132,0.936017035084,0.203759974689
19,0.934313526707,0.218689883421,0.935530318394,0.205726647608
20,0.933269113799,0.218489077878,0.935651997566,0.20526124843
21,0.932944636005,0.220684192794,0.936199553843,0.20355405068
22,0.933319813445,0.220326352439,0.936615291016,0.204064296473
23,0.934060028421,0.21836211704,0.935804096532,0.205859327937
24,0.93328939368,0.218008149009,0.935834516325,0.204876472813
25,0.934546745111,0.217959341511,0.935956195498,0.204754803041
26,0.934465625653,0.217086580396,0.935611437842,0.206561139224
27,0.934049888463,0.21744913002,0.935560738187,0.205232144333
28,0.933238693989,0.21967835517,0.93559115798,0.206298567842
29,0.934414926008,0.21726619834,0.935662137497,0.205339563021
