epoch,acc,loss,val_acc,val_loss
0,0.825937432266,0.631262637541,0.916894620294,0.299840652734
1,0.975608698793,0.0856037687873,0.978116451739,0.0804861464745
2,0.987847698866,0.0427992548968,0.981112413703,0.0640096608899
3,0.992384943284,0.0276347579389,0.984368894099,0.056739287276
4,0.994292319938,0.0206863508035,0.982415005862,0.060568008648
5,0.995607253811,0.0170373133423,0.984238634883,0.0580633386354
6,0.996647641066,0.0125235938651,0.983457079588,0.057245010411
7,0.997095585579,0.0107729072556,0.985410967826,0.0529153506856
8,0.997760277437,0.00859246938827,0.986974078416,0.0533966754452
9,0.998049273915,0.00747899135493,0.985410967826,0.0538191666739
10,0.998439419117,0.00593427012795,0.988276670574,0.047378772308
11,0.998988512391,0.00445779579382,0.987755633711,0.0472608391507
12,0.999075211329,0.00418171723996,0.987495115279,0.0475649894899
13,0.998988512391,0.00428428902444,0.988146411359,0.0476358240783
14,0.999147460444,0.00389162955652,0.988276670574,0.0485225904647
15,0.998945162922,0.003933441381,0.987234596848,0.0495890880341
16,0.999291958674,0.00354193219316,0.988276670574,0.0502169925041
17,0.99903186186,0.00394624731723,0.987755633711,0.0492609660581
18,0.998988512391,0.00379352284228,0.988146411359,0.0480156075795
19,0.999190809913,0.00351017551591,0.988276670574,0.047941219736
20,0.99917636009,0.00367655631734,0.98840692979,0.0478367337452
21,0.999147460444,0.00351644975979,0.98840692979,0.0481025725897
22,0.999263059028,0.00316084182439,0.98840692979,0.0478013194747
23,0.999263059028,0.00319453094326,0.988276670574,0.0476916429687
24,0.99917636009,0.0035160001898,0.98840692979,0.0479556346
25,0.999248609205,0.00334622000317,0.988537189006,0.0475374009105
26,0.999378657611,0.00296935429202,0.988276670574,0.0483240069454
27,0.999133010621,0.00326781121526,0.98840692979,0.0479341792932
28,0.999364207788,0.00314625546001,0.98840692979,0.0481488621874
29,0.999234159382,0.00333077178317,0.988276670574,0.0481894201336
30,0.999190809913,0.00349710805677,0.988537189006,0.0481061702637
31,0.999248609205,0.00316417529661,0.988537189006,0.0481013693284
32,0.999277508851,0.00325533599782,0.988276670574,0.0480149131574
33,0.999349757965,0.00319937217244,0.98840692979,0.0483469068981
34,0.999234159382,0.00340076350756,0.98840692979,0.0482033105628
35,0.999306408496,0.00290834401311,0.988537189006,0.0480541612015
36,0.999147460444,0.00328047584803,0.98840692979,0.0486590940122
