epoch,acc,loss,val_acc,val_loss
0,0.827628061576,0.614170372798,0.915982805784,0.276413206274
1,0.963037352792,0.127633114217,0.967565455256,0.105410384307
2,0.980174842858,0.0722739465992,0.980070339977,0.0676586543212
3,0.985275630374,0.0531545385668,0.965481307803,0.127276255478
4,0.988382342337,0.0419965305554,0.985020190178,0.0519687098587
5,0.990853262048,0.0342605377037,0.982805783509,0.0539157406683
6,0.992370493461,0.0287200746794,0.986583300769,0.0507932846596
7,0.993208583214,0.0256071684542,0.9868438192,0.0510942610564
8,0.994379018857,0.0217821553027,0.985671486258,0.0543417299427
9,0.994480167618,0.0213156057732,0.985932004689,0.0497212179666
10,0.996098547793,0.0164568613045,0.987104337632,0.0455578914439
11,0.996705440358,0.0146365547372,0.9868438192,0.0462173452575
12,0.996243046023,0.0153686554878,0.987495115279,0.0441894746861
13,0.996806589119,0.0143255227556,0.987625374495,0.0439356834206
14,0.996965537172,0.013683276876,0.987495115279,0.0439160933583
15,0.996734340004,0.0137242315708,0.987755633711,0.0454868089636
16,0.996748789827,0.0139968334594,0.987495115279,0.0451461881889
17,0.996835488784,0.0134404480142,0.988016152143,0.0436950681791
18,0.997153384871,0.0128348682002,0.987885892927,0.0445084051786
19,0.997254533632,0.0126771032387,0.988016152143,0.0443603994974
20,0.997240083809,0.0127387170427,0.987625374495,0.0449730456296
21,0.99719673434,0.0124079317341,0.987495115279,0.0451862571232
22,0.99705223611,0.0122925440508,0.987495115279,0.0452120910717
23,0.997153384871,0.0126900118253,0.987625374495,0.0444381097361
24,0.997167834694,0.012786653176,0.987625374495,0.0451649781546
25,0.997211184163,0.0124170090588,0.987364856064,0.044806453891
26,0.997442381331,0.0119607229389,0.987625374495,0.0447391992704
27,0.997138935048,0.0126789132673,0.987755633711,0.0447807167879
28,0.997254533632,0.0122910591347,0.987625374495,0.0446989699816
