epoch,acc,loss,val_acc,val_loss
0,0.806907015408,1.21313129464,0.861534453563,0.90009272345
1,0.953630518047,0.523617520583,0.946333203074,0.48779246376
2,0.969915468536,0.380698322539,0.942555685815,0.438803975146
3,0.974077017557,0.31469207167,0.955711866615,0.360179668209
4,0.975912145076,0.279601531954,0.91233554774,0.532739080734
5,0.979047756684,0.253944567178,0.887977074378,0.546909904337
6,0.978672061267,0.245594259939,0.960140679953,0.308193338382
7,0.980723936132,0.229705658317,0.931483652468,0.412189624877
8,0.982327866503,0.217351828134,0.903608180279,0.49165201264
9,0.982313416661,0.211145407663,0.977855933307,0.231098703181
10,0.9839606965,0.201105735325,0.958317050931,0.283761218947
11,0.984408641013,0.195060003617,0.765272893057,0.979987297457
12,0.985347879488,0.189962476873,0.95961964309,0.277741394263
13,0.985131132163,0.18415517635,0.971994268595,0.232801049304
14,0.98656166462,0.179952609161,0.966262863098,0.249109800468
15,0.98608482048,0.175710938735,0.932265207763,0.387913468561
16,0.9872408063,0.169886905176,0.969128565846,0.246483288571
17,0.988136695325,0.163360785207,0.968868047414,0.220604899195
18,0.987732100282,0.162407818389,0.967044418393,0.228509084363
19,0.988093345857,0.158553896071,0.946202943858,0.300433999578
20,0.988483491077,0.155244054869,0.973948156832,0.199495475467
