epoch,acc,loss,val_acc,val_loss
0,0.803150061413,1.4234534553,0.776084407987,1.30910103592
1,0.962343761289,0.575301366783,0.950762016413,0.535570350886
2,0.974842858194,0.390784802257,0.932655985415,0.496127804912
3,0.978802109674,0.306804074297,0.945551647787,0.427488264394
4,0.98216891845,0.256387865031,0.737918457731,1.14040702854
5,0.983064807456,0.232207901669,0.945421388571,0.376030232426
6,0.983801748429,0.215927788441,0.943206981902,0.335308378603
7,0.985607976302,0.200121246761,0.84251660805,0.753907622778
8,0.98705295862,0.189520030793,0.92171421128,0.442536659742
9,0.987948847627,0.179578182492,0.955972385046,0.304750499478
10,0.987717650478,0.175668506512,0.971603490947,0.235233440215
11,0.988570190034,0.169167273316,0.957274977205,0.274791162351
12,0.989610577289,0.162828076223,0.949850201902,0.289320639333
13,0.989119283309,0.160026771941,0.964308974868,0.24677432866
14,0.990145220721,0.153913646253,0.961573531327,0.252247679674
15,0.991402355321,0.146238296332,0.96860752899,0.22362062191
16,0.991648002312,0.14384363167,0.975771785854,0.194507771917
17,0.991720251429,0.139411109657,0.954409274464,0.295370050569
18,0.991402355321,0.139284666836,0.974599452911,0.203151481943
19,0.99202369771,0.134506720887,0.973948156832,0.203314019371
20,0.992616140452,0.130349081504,0.977986192523,0.188586960654
21,0.991922548949,0.129826076851,0.97525074899,0.193631939859
22,0.993512029497,0.123801228187,0.972906083105,0.183315540601
23,0.993107434453,0.122036542046,0.976032304286,0.193908957812
24,0.99328083231,0.121826666699,0.981112413703,0.171458069869
25,0.993670977531,0.118259399612,0.978116451739,0.182819267325
26,0.993974423813,0.11604448903,0.966132603882,0.208646129018
27,0.994509067264,0.112592099811,0.983978116452,0.148124820219
28,0.994032223105,0.112712526177,0.965351048587,0.224444149889
29,0.994176721354,0.111702805611,0.971864009379,0.190584611913
30,0.995101510007,0.108346492815,0.979679562329,0.158722567551
31,0.994407918503,0.108812963372,0.987364856064,0.135250503596
32,0.995838450979,0.102146922301,0.988276670574,0.127987555021
33,0.994913662308,0.104658720424,0.989318744301,0.120676532892
34,0.995462755581,0.101519918973,0.987104337632,0.129369999716
35,0.994841413193,0.101897716759,0.981503191351,0.153613802972
36,0.995246008236,0.10017783086,0.975771785854,0.178050742167
37,0.995636153476,0.0983156123367,0.983196561157,0.147080713418
38,0.994884762662,0.101219174016,0.968607528983,0.199579486707
39,0.996416443899,0.0941109844517,0.981893968998,0.139391522565
40,0.995968499386,0.0954431874439,0.99062133646,0.115065017664
41,0.995679502926,0.0942674821228,0.974078416048,0.170562677038
42,0.996358644607,0.0920981344778,0.976813859581,0.168596324741
43,0.996011848855,0.0929745821474,0.965351048587,0.203857089759
44,0.996127447439,0.0924416986734,0.983978116452,0.134418680622
45,0.996055198324,0.0905378197558,0.98528070861,0.123728470247
46,0.995910700094,0.0917377656416,0.984238634883,0.134252061562
47,0.996243046023,0.0893791753086,0.985932004689,0.126502329615
48,0.996936637526,0.0866185861936,0.976683600365,0.156791317463
49,0.996994436818,0.0851039434901,0.978507229386,0.154768479811
50,0.998670616285,0.0766802340823,0.993096261561,0.0976584957624
51,0.999335308142,0.0722100185632,0.992444965481,0.0972246595491
52,0.999595404956,0.0699341209348,0.993226520776,0.0945464624695
53,0.999653204248,0.0685043416891,0.992575224697,0.0938113504331
54,0.999595404956,0.0672768311577,0.993226520776,0.0910808399322
55,0.999653204248,0.0660588518027,0.992314706265,0.0909697245527
56,0.999739903186,0.0648148079382,0.992705483913,0.0899438434285
57,0.999754353009,0.0636354966861,0.993226520776,0.0883473796627
58,0.999768802832,0.0628238254537,0.992705483913,0.0887581825007
59,0.999725453363,0.0619430452664,0.991923928618,0.089757341629
60,0.999725453363,0.0609214857913,0.992444965481,0.0872946777565
61,0.999783252655,0.0601000110591,0.992444965481,0.0868588055844
62,0.999869951593,0.0592678089826,0.992835743129,0.0838522026799
63,0.999797702478,0.0585137631949,0.993226520776,0.0822536223664
