epoch,acc,loss,val_acc,val_loss
0,0.811964453454,0.683606259704,0.942946463462,0.185583447922
1,0.975233003415,0.0896752820053,0.97212452781,0.0975838952863
2,0.987211906654,0.0464519966385,0.979940080761,0.0667446830445
3,0.991200057799,0.0310111535448,0.981112413703,0.0678436342441
4,0.993815475779,0.0232238801305,0.986062263905,0.0572372423615
5,0.995188208944,0.0180669296644,0.984238634883,0.0562581377812
6,0.99608409797,0.0150518273497,0.986062263905,0.0523053029726
7,0.996994436818,0.0115630818906,0.987364856064,0.0498254094553
8,0.997557979915,0.00953496768649,0.987885892927,0.0498497116728
9,0.997659128676,0.00838249597224,0.987364856064,0.0535233802243
10,0.998540567878,0.00601175946491,0.988927966654,0.04410410122
11,0.998800664692,0.00526233676406,0.988797707438,0.0438258255922
12,0.99888736363,0.00508513192267,0.988537189006,0.0438159902731
13,0.998800664692,0.00490842941296,0.988927966654,0.0455044989049
14,0.999060761506,0.00455679873565,0.988276670574,0.045556330879
15,0.998872913807,0.00453663196479,0.987885892927,0.0449966155976
16,0.999075211329,0.00434179373809,0.988016152143,0.0459471499396
17,0.99888736363,0.00438940567911,0.988537189006,0.0461964636784
18,0.999002962214,0.00398910927553,0.988537189006,0.0461215667294
19,0.998757315223,0.00456951154167,0.988016152143,0.0450785475544
20,0.999104110975,0.00381223434216,0.988146411359,0.0450846235711
21,0.999060761506,0.00391155061569,0.988276670574,0.045137081162
