epoch,acc,loss,lr,val_acc,val_loss
0,0.545928762467,1.76456190263,0.01,0.597759541387,1.47374650627
1,0.780478289151,0.79686715076,0.01,0.821544874377,0.603332245957
2,0.862582183375,0.485208202854,0.01,0.825843428162,0.630505396563
3,0.900556318192,0.345619165463,0.01,0.910902696498,0.290680755745
4,0.924152879131,0.264718248895,0.01,0.913377621606,0.281253673667
5,0.938819449539,0.215833709422,0.01,0.940080761257,0.194838384354
6,0.948573079985,0.181500586781,0.01,0.942425427142,0.19873410678
7,0.956549382272,0.155718811778,0.01,0.932134948377,0.241307959211
8,0.962488259522,0.13844254222,0.01,0.96040119927,0.143825206836
9,0.967097753127,0.12444222215,0.01,0.959228866855,0.141129182322
10,0.969684271369,0.113579449879,0.01,0.96509053104,0.124458752238
11,0.972921031793,0.10368295263,0.01,0.966393122228,0.121659212194
12,0.974785058957,0.0966493950722,0.01,0.968607530132,0.113440707036
13,0.976331190019,0.0906590130198,0.01,0.968737789084,0.119794218966
14,0.979278953909,0.0829466261062,0.01,0.97329686243,0.103656106444
15,0.979062206562,0.0810096086401,0.01,0.968216751956,0.114473978682
16,0.981012932592,0.0752949682217,0.01,0.97329686243,0.100942940317
17,0.981374178242,0.0733354407071,0.01,0.970300898525,0.114287180562
18,0.98297810852,0.0688267581273,0.01,0.975771787795,0.0932163975426
19,0.983021458061,0.0664792653303,0.01,0.974208677205,0.100192344536
20,0.983324904272,0.0640283659458,0.01,0.97785593472,0.0916649689108
21,0.984928834698,0.0601983573785,0.005,0.977725675768,0.0876009684554
22,0.985188931511,0.0586410873295,0.005,0.976683600101,0.0873564153471
23,0.985723574886,0.0572348674263,0.005,0.977334896444,0.0887798054918
24,0.986648363633,0.0554912028419,0.005,0.977855933307,0.0917299435975
25,0.985449028251,0.0573304256233,0.005,0.97733489618,0.0885389308704
26,0.986662813382,0.0534595730387,0.0025,0.978116452445,0.0867053930481
27,0.985680225491,0.0547529546721,0.0025,0.97902826625,0.0868978447101
28,0.986373816921,0.0535638358324,0.0025,0.978507231327,0.0861652804464
