epoch,acc,loss,lr,val_acc,val_loss
0,0.670023842211,1.26282616896,0.01,0.720854500456,0.945895508502
1,0.871671122032,0.444961002343,0.01,0.885502149277,0.385210704835
2,0.925727909833,0.261021032016,0.01,0.937215057965,0.214049425012
3,0.950509356281,0.185294221194,0.01,0.949850201902,0.177616720503
4,0.962502709342,0.145111360722,0.01,0.958838087795,0.147156350692
5,0.969785420129,0.11817257633,0.01,0.964178715644,0.123091175852
6,0.974308214743,0.101557453243,0.01,0.970170639573,0.103000311253
7,0.977154829872,0.0898655485163,0.01,0.97212452781,0.100514806598
8,0.979799147479,0.0802388022579,0.01,0.974208675264,0.0976064789001
9,0.981836572521,0.0733425914594,0.01,0.975771785854,0.0871589826228
10,0.98268911206,0.0696629736822,0.01,0.97746515566,0.0856282339787
11,0.983238205332,0.0659192625497,0.01,0.979809821545,0.0770709531279
12,0.984943284464,0.0612864170365,0.01,0.979288784682,0.0862066506662
13,0.985607976321,0.0583007251701,0.01,0.978898007034,0.0801608088555
14,0.986373816941,0.055658026027,0.01,0.979940080761,0.0736686614371
15,0.986344917275,0.0540314507006,0.01,0.980721636056,0.0742084253855
16,0.98752980276,0.0496775649277,0.002,0.982545265078,0.0702966072413
17,0.988324543024,0.0479866905813,0.002,0.98215448743,0.0721266386713
18,0.988035546584,0.0486025107446,0.002,0.982545265078,0.069884892245
19,0.988627989307,0.0478559190195,0.002,0.983066301941,0.0708348798935
20,0.988685788599,0.046957442806,0.002,0.982805783509,0.0707244251319
21,0.988035546565,0.0473675304341,0.002,0.982675524293,0.0706931938537
22,0.988469041254,0.0461447246441,0.002,0.983066301941,0.0682380946285
23,0.988266743732,0.0468746316577,0.0004,0.982805783509,0.0700797032526
24,0.989032584351,0.0455331459766,0.0004,0.982805783509,0.0706308002328
25,0.988989234901,0.0455315866747,0.0004,0.982936042725,0.0699911974097
26,0.989133733131,0.0453559333282,0.0004,0.983326820373,0.0689697018409
27,0.989364930299,0.0452160516747,0.0004,0.982805783509,0.0702080578631
28,0.989205982246,0.0444658603683,0.0001,0.983196561157,0.0694520692176
29,0.989278231342,0.0451779726211,0.0001,0.983066301941,0.0692571755278
30,0.989061483999,0.0450229360408,0.0001,0.983066301941,0.0695330984573
31,0.989177082581,0.045245920633,0.0001,0.982936042725,0.0690621309614
32,0.988873636317,0.0457154760093,0.0001,0.982936042725,0.069457061206
33,0.989032584351,0.0455063170958,0.0001,0.982936042725,0.0696825229842
34,0.989336030653,0.045342908474,0.0001,0.983196561157,0.0695198540098
35,0.989350480457,0.044573996334,0.0001,0.982936042725,0.0697547261478
36,0.988671338776,0.0458335329549,0.0001,0.983196561157,0.069249534514
37,0.989047034174,0.0449351408924,0.0001,0.982545265078,0.0693232823022
