epoch,acc,loss,val_acc,val_loss
0,0.642395780672,2.99664810937,0.637097824671,2.35513438915
1,0.939151795409,1.07163237125,0.915852546568,0.920129033175
2,0.971461599614,0.616701090677,0.929138986583,0.647237297736
3,0.978787659872,0.419020650378,0.748078676566,1.21224701797
4,0.981085181707,0.319772162877,0.967695714472,0.333162589153
5,0.984061845242,0.261924348173,0.943076722678,0.396361688202
6,0.984191893649,0.229635285141,0.960922235248,0.311053053463
7,0.986460515878,0.207979941807,0.973296860753,0.244983625995
8,0.987746550105,0.193930981021,0.938908427771,0.378984566128
9,0.988208944459,0.181897257672,0.904910772437,0.49303115914
10,0.988208944459,0.175964646957,0.959749902306,0.269952773217
11,0.989870674084,0.166340457619,0.944639833268,0.324349471784
12,0.989523878332,0.160890018218,0.954409274456,0.277029061515
13,0.990174120387,0.156787757659,0.967825973688,0.237183729311
14,0.991445704809,0.149796168516,0.958577569363,0.266555048635
15,0.991908099145,0.144067191332,0.97902826625,0.19415141738
16,0.992543891337,0.140277410086,0.959749902306,0.251574577778
17,0.992558341179,0.135345155598,0.980461117624,0.181191489064
18,0.992789538328,0.132667062969,0.973427119969,0.198857341947
19,0.993006285692,0.129586553978,0.976683600365,0.18426359527
20,0.993035185319,0.127546382237,0.985541227042,0.153574738611
21,0.99377212631,0.123590826368,0.978246710955,0.177757416885
22,0.993454230186,0.123945789524,0.988797707438,0.132554889411
23,0.993699877177,0.120353124017,0.98371759802,0.156473481236
24,0.993801025937,0.119102409669,0.986583300769,0.145132069004
25,0.994668015336,0.114016924155,0.936042725023,0.348168168751
26,0.994754714255,0.113316032111,0.979679562329,0.169775547261
27,0.993974423813,0.114285742765,0.979679562329,0.16616899116
28,0.995838450979,0.106726069363,0.982545265078,0.151873156558
29,0.99453796691,0.109172953057,0.984238634883,0.14631618642
30,0.99463911569,0.107335426316,0.982545265078,0.153153727471
31,0.995852900821,0.103277511684,0.981503191351,0.15359733176
32,0.996243046042,0.0998425956958,0.956753940341,0.264628538287
33,0.99521710859,0.102303203777,0.985020190178,0.135433813665
