epoch,acc,loss,val_acc,val_loss
0,0.89071182316,0.337616704469,0.964378422227,0.10781385398
1,0.969194889494,0.0986858397193,0.971456094099,0.0888507651714
2,0.979618738593,0.0674691063262,0.988582437639,0.0355257161078
3,0.983482052332,0.0516605509364,0.988754816467,0.0368748214905
4,0.986453052129,0.0440796276704,0.988856215778,0.0328959563706
5,0.987649564002,0.0395255932086,0.992384911783,0.0239989595854
6,0.988835935916,0.0357697902672,0.990945041574,0.0259826731896
7,0.989292232859,0.0337115603237,0.99226323261,0.0235084090563
8,0.9906205638,0.0302350291801,0.99448387751,0.0176414929293
9,0.990853782194,0.0288898806514,0.993155546542,0.0202179763382
10,0.991735956195,0.0258907399043,0.995254512269,0.0143643192613
11,0.99211113369,0.0258451210105,0.995386331373,0.0141715507166
12,0.99181707569,0.0258987950494,0.995051713648,0.0147767568822
13,0.992080713851,0.025282539493,0.995274792131,0.0143090975138
14,0.991827215575,0.0257227827191,0.995477590752,0.0137507889578
15,0.991908335023,0.0257122973662,0.995406611235,0.014008131129
16,0.992121273575,0.0247807661704,0.995173392821,0.0145251315465
17,0.991888055161,0.0254277643992,0.9952646522,0.014373729033
18,0.992202393024,0.0248372242674,0.995619549787,0.0135771594709
19,0.992334212127,0.0245848555207,0.995366051511,0.0139558051608
20,0.992232812836,0.0245906197457,0.995619549787,0.0134766786209
21,0.992040154127,0.0250461108662,0.995700669235,0.0133612655282
22,0.992242952748,0.0249673506272,0.995416751166,0.0137942175536
23,0.991918474954,0.0253844507031,0.995538430339,0.0136602331368
24,0.992354492035,0.025066472126,0.995589129994,0.0134894094181
25,0.992476171162,0.0242773886454,0.995497870614,0.0137598778101
26,0.992293652403,0.0249120935242,0.995589129994,0.0135558881151
27,0.992232812817,0.0251210425395,0.995528290408,0.0136777143734
28,0.992334212127,0.0244779732779,0.995487730683,0.0136639288394
29,0.992466031277,0.0246458604153,0.995467450821,0.0137537859033
30,0.992516730906,0.024361132236,0.995518150477,0.0138265689138
31,0.992547150689,0.0243859181768,0.995558710201,0.0136385443576
32,0.992121273575,0.0248794246185,0.995437031028,0.013761103317
