epoch,acc,loss,val_acc,val_loss
0,0.0111427025667,15.9372226458,0.0112808352423,15.9362698207
1,0.0112808352396,15.9362692472,0.0112808352423,15.9362698207
2,0.0112808352426,15.9362691738,0.0112808352423,15.9362698207
3,0.0112808352375,15.9362691959,0.0112808352423,15.9362698207
4,0.0112808352406,15.9362691868,0.0112808352423,15.9362698207
5,0.0112808352396,15.936269281,0.0112808352423,15.9362698207
6,0.0112808352523,15.9362692366,0.0112808352423,15.9362698207
7,0.0112808352559,15.9362691735,0.0112808352423,15.9362698207
8,0.0112808352538,15.9362692476,0.0112808352423,15.9362698207
9,0.0112808352406,15.9362691342,0.0112808352423,15.9362698207
10,0.0112808352432,15.9362692254,0.0112808352423,15.9362698207
11,0.0112808352447,15.9362692045,0.0112808352423,15.9362698207
