epoch,acc,loss,val_acc,val_loss
0,0.750249259447,0.984073278822,0.890973036342,0.395052446175
1,0.966967704646,0.114786954004,0.971212713299,0.104311777572
2,0.983917347012,0.0582877743944,0.976813859581,0.0787829492306
3,0.989350480457,0.0396746999078,0.983326820373,0.0579734472711
4,0.99251499171,0.027880163854,0.982805783509,0.0601755383406
5,0.993931074344,0.0228676487454,0.9868438192,0.0514176448183
6,0.995549454538,0.0168715837708,0.985410967826,0.0530289962684
7,0.996170796908,0.0142960382416,0.986453041553,0.0517599324517
8,0.996676540712,0.0122448102508,0.986713559984,0.0491916068412
9,0.998063723719,0.00846150700738,0.987234596848,0.0495320024826
10,0.998555017701,0.00593601457917,0.988667448222,0.0451299541393
11,0.998641716639,0.00559316380707,0.989188485085,0.044735503217
12,0.998757315223,0.00527711171983,0.988797707438,0.0452952892407
13,0.998858463984,0.0050316621776,0.98840692979,0.0445757761411
14,0.998945162922,0.00472856167789,0.988276670574,0.0454293500932
15,0.998916263276,0.00477343615516,0.988797707438,0.0450849038123
16,0.998959612745,0.00457757204952,0.988537189006,0.0439999208226
17,0.999190809913,0.00447702410768,0.989188485085,0.0443770003564
18,0.998959612745,0.00428142404511,0.989318744301,0.0445442754619
19,0.998974062568,0.00430255320852,0.989709521949,0.0444957002231
20,0.998916263276,0.00424336956355,0.989318744301,0.0447775706694
21,0.999219709559,0.00376351369131,0.989449003517,0.0446278254077
22,0.999046311683,0.00406917984458,0.989449003517,0.0448776231475
23,0.999205259736,0.00363307305296,0.989318744301,0.0449517832736
24,0.99903186186,0.00407207920788,0.989318744301,0.0447176233638
25,0.999291958674,0.00378344690712,0.989318744301,0.0450298533914
26,0.999248609205,0.00377636829043,0.989579262733,0.0448175317418
27,0.999161910267,0.0038403310622,0.989449003517,0.044691798991
28,0.999118560798,0.00391344687517,0.989709521949,0.0446995187617
29,0.999075211329,0.00393306647901,0.989449003517,0.044598567261
30,0.999248609205,0.00353253936828,0.989449003517,0.0447130292573
