epoch,acc,loss,val_acc,val_loss
0,0.788786937381,0.803083575461,0.930441578742,0.231645813671
1,0.974163716513,0.0907745224831,0.976162563501,0.0882297654896
2,0.987486453291,0.0451528363837,0.98059137684,0.0746388490285
3,0.991835850011,0.0289527390241,0.984759671747,0.0543651797712
4,0.993988873636,0.0223531061984,0.98371759802,0.0613272144245
5,0.995693952749,0.0162046559907,0.986062263905,0.0563634436429
6,0.997110035402,0.0114652596648,0.986453041553,0.0544279357536
7,0.997557979915,0.00931080639324,0.988146411359,0.0478238987258
8,0.998193772145,0.00756330175978,0.988016152143,0.0517992424133
9,0.9987428654,0.00546731513182,0.988667448222,0.0534195352738
10,0.998988512391,0.00429167246499,0.988537189006,0.0492356602974
11,0.999161910267,0.00382737082548,0.988927966654,0.0487318634278
12,0.999147460444,0.00376530414471,0.989058225869,0.0484325466823
13,0.999393107434,0.00334808267654,0.988667448222,0.0496808227059
14,0.999494256195,0.00308499838367,0.988667448222,0.0498979057422
15,0.99942200708,0.00320500467253,0.988016152143,0.0500269937516
16,0.999407557257,0.00302576546725,0.988276670574,0.0493152248074
17,0.999450906726,0.00316538084263,0.988537189006,0.0494539433369
18,0.999508706018,0.00271185092665,0.988537189006,0.0495605791208
19,0.999479806372,0.00289246215878,0.988667448222,0.0502556313396
20,0.999609854779,0.00271388802247,0.988276670574,0.0494597278454
21,0.999523155841,0.00281473074734,0.988667448222,0.0494583136388
22,0.999552055487,0.00273106845108,0.988667448222,0.0495390959686
23,0.999523155841,0.00282073798385,0.98840692979,0.0499105714693
