epoch,acc,loss,val_acc,val_loss
0,0.838292030923,0.584493605779,0.940862316009,0.20460734594
1,0.972328588975,0.0994712534998,0.960140679953,0.143498910566
2,0.985506827541,0.0537747319551,0.975771785854,0.0907794541148
3,0.989379380103,0.038158371268,0.984629412531,0.0546081136581
4,0.991864749657,0.0287176801452,0.983587338804,0.0581492147475
5,0.993916624521,0.022340585561,0.980200599192,0.0729796280406
6,0.994928112131,0.0187278056118,0.98371759802,0.0591580245308
7,0.995665053103,0.0153436796389,0.984368894099,0.055402821952
8,0.996243046023,0.0132057767649,0.985932004689,0.0550425392155
9,0.996647641085,0.0116852584327,0.986453041553,0.058465821913
10,0.997659128676,0.00867490448897,0.987625374495,0.0497098175173
11,0.998063723719,0.00750014334335,0.988667448222,0.0472973212108
12,0.998034824073,0.00727391191053,0.988146411359,0.0479949280122
13,0.998468318763,0.00643534350549,0.987885892927,0.0488154293721
14,0.998338270356,0.00693445970718,0.988276670574,0.0493057687952
15,0.998092623365,0.00701963452761,0.988276670574,0.0487408888192
16,0.998338270356,0.00646791795118,0.988016152143,0.0494105212539
17,0.998251571418,0.00645470556145,0.987755633711,0.0489903002633
18,0.998439419136,0.00606237866759,0.988667448222,0.0467297371345
19,0.998497218409,0.0060226015077,0.988797707438,0.0476429021913
20,0.998424969294,0.0063590753855,0.989188485085,0.0469872832025
21,0.998641716639,0.00572072706353,0.989318744301,0.0472662461479
22,0.998555017701,0.00556187775276,0.989188485085,0.0468694906502
23,0.998540567878,0.00555396505751,0.988927966654,0.0470622312865
24,0.998627266816,0.00573948594008,0.988927966654,0.0466883383528
25,0.998569467524,0.00561731723847,0.989318744301,0.0467176334036
26,0.998540567897,0.00579898754794,0.989318744301,0.0470185714917
27,0.998641716639,0.00533795449991,0.989188485085,0.0466948420273
28,0.998540567878,0.00578263060007,0.989188485085,0.046842352905
29,0.998497218409,0.00552008969071,0.988927966654,0.0470818022459
30,0.998511668232,0.00593003822695,0.989188485085,0.0469296033006
31,0.998497218409,0.00576850201142,0.989449003517,0.0471317795153
32,0.998497218409,0.00564763011536,0.989188485085,0.0471301062814
33,0.998670616285,0.00537203639555,0.988667448222,0.0469181088567
34,0.998656166462,0.0054653876027,0.988927966654,0.0472959695966
35,0.9987428654,0.00551915036807,0.988797707438,0.047169944377
36,0.998641716639,0.00540492058473,0.988797707438,0.0466866116976
37,0.998555017701,0.00542480645515,0.988927966654,0.046997019706
38,0.998786214869,0.00543717914191,0.989188485085,0.0471113404539
39,0.998641716639,0.00558913502648,0.989188485085,0.0468671839121
40,0.998728415577,0.00528526798981,0.988927966654,0.0469608449062
41,0.99859836717,0.00552779493965,0.988797707438,0.0472206967611
42,0.998800664692,0.00507928647542,0.988797707438,0.0471284790309
