epoch,acc,loss,val_acc,val_loss
0,0.837179394571,0.585050746572,0.94958968347,0.163541395112
1,0.977053681092,0.0818243512266,0.971603490947,0.101396069539
2,0.987934397804,0.0440110812099,0.979549303113,0.0721235908847
3,0.99216819594,0.028932282677,0.984368894099,0.055402326592
4,0.994465717795,0.0211018313692,0.983978116452,0.0585444357135
5,0.994812513566,0.0175212239647,0.986713559984,0.0527193264867
6,0.996199696554,0.0131711137773,0.986322782337,0.049748013062
7,0.996748789827,0.0113699963682,0.989318744301,0.0390990669022
8,0.997557979915,0.00909551619672,0.989709521949,0.0426605267601
9,0.997962574977,0.00785295441258,0.988146411359,0.0450789242612
10,0.99816487248,0.00689782587859,0.987234596848,0.0436974706999
11,0.998656166462,0.0051257272857,0.988016152143,0.0426036503869
12,0.998872913807,0.00478025255672,0.987755633711,0.042696431211
13,0.998974062568,0.00442670846785,0.987625374495,0.0432476475622
14,0.998930713099,0.00430890358522,0.987364856064,0.043091253159
15,0.998916263276,0.00418967487681,0.987234596848,0.0430660547631
16,0.999089661171,0.00403371380363,0.987755633711,0.043595157803
17,0.999002962214,0.00394374833208,0.987625374495,0.0443697006737
18,0.999017412037,0.00390043528345,0.987495115279,0.044365993353
19,0.999002962214,0.00377271208288,0.987625374495,0.0441853975726
