epoch,acc,loss,val_acc,val_loss
0,0.80604002601,1.12608018837,0.784420997788,1.12240452297
1,0.952893577054,0.486230458384,0.773739742095,1.05987097635
2,0.969135178113,0.359484489509,0.814510876645,0.908023495576
3,0.975001806247,0.301290208899,0.94646346229,0.377593369027
4,0.976938082508,0.26914562618,0.9447700925,0.379739854645
5,0.979481251374,0.247547586437,0.921583952065,0.44426179919
6,0.980319341088,0.234382147256,0.949198905823,0.334678192011
7,0.981562025884,0.223328130017,0.901654292045,0.547173075996
8,0.983035907829,0.210092181283,0.932004689332,0.387190780613
9,0.984408640994,0.202618681503,0.959489383874,0.280870071557
10,0.984871035349,0.193219103093,0.955321088975,0.283506558481
11,0.98530453002,0.186611123181,0.961443272112,0.263497667861
12,0.98569467524,0.182530727213,0.976032304286,0.214926451284
13,0.987327505258,0.174201452086,0.966393122313,0.244889525873
14,0.987500903114,0.170560483823,0.973166601537,0.20391969848
15,0.987284155788,0.167037892428,0.932655985411,0.36652819437
16,0.987977747292,0.165492825745,0.96587208545,0.235430687107
17,0.989249331696,0.157153079596,0.971603490947,0.21675049629
18,0.988570190015,0.156270898715,0.970952194868,0.206568192547
19,0.989798424969,0.151704971024,0.966914159177,0.22039383523
20,0.989928473395,0.147577353238,0.946593721506,0.291311898189
21,0.989740625696,0.145837839611,0.970952194868,0.206727480235
22,0.990737663464,0.140525534807,0.970170639573,0.217506012944
23,0.990795462756,0.138534080982,0.941383352872,0.309084199749
