epoch,acc,loss,val_acc,val_loss
0,0.756072538111,1.78065478297,0.819851504494,1.26825004135
1,0.953442670327,0.688217776353,0.876514263384,0.874911003643
2,0.972126291472,0.446830325366,0.914289435978,0.584246421918
3,0.97728487826,0.334178367919,0.917936694021,0.49527861082
4,0.980406040026,0.2794539447,0.898658330077,0.571091497111
5,0.981273029425,0.245614045749,0.841995571187,0.636582437415
6,0.982703561881,0.228842052535,0.911944770092,0.408165415132
7,0.985044433206,0.20808404556,0.949198905823,0.327540130242
8,0.985607976321,0.19806095069,0.966523381529,0.267587071079
9,0.985434578426,0.192191536437,0.963918197212,0.264522388191
10,0.987168557204,0.180305664439,0.957014458773,0.272101247982
11,0.987818799239,0.173995606327,0.933698059138,0.386556529543
12,0.988526840546,0.169075853083,0.976423081933,0.211705495057
13,0.988902535963,0.163886345428,0.970170639573,0.227429831834
14,0.989942923199,0.157172018843,0.963397160349,0.2501732808
15,0.989798424988,0.154503931138,0.90920932656,0.423907631715
16,0.990650964545,0.150956572747,0.961313012896,0.239160028744
17,0.990044071979,0.1493442227,0.956102644262,0.262551243922
18,0.991489054259,0.143940621494,0.955321088967,0.273885575619
19,0.991619102666,0.138748244988,0.93955972385,0.332842412471
20,0.99270283939,0.132128541402,0.97746515566,0.181213780627
21,0.99216819594,0.131698903461,0.980070339977,0.17764482372
22,0.993324181798,0.126755192241,0.968477269767,0.207753856892
23,0.992486092064,0.12780296425,0.979158525466,0.176425804869
24,0.993208583214,0.123097101549,0.971082454084,0.208325869294
25,0.992298244347,0.124092512284,0.980330858408,0.168494669998
26,0.993757676468,0.119608166019,0.974729712127,0.191061677404
27,0.994306769742,0.115980459792,0.980070339977,0.167330492724
28,0.99463911569,0.113527846629,0.956102644262,0.252955653325
29,0.993353081425,0.116550472279,0.965741826234,0.218799554762
30,0.99410447222,0.112849775922,0.980851895272,0.162721034956
31,0.994436818149,0.110551085097,0.98059137684,0.157285522229
32,0.994335669388,0.1084852501,0.976162563501,0.178726716512
33,0.994798063724,0.107284377608,0.979419043897,0.159501543801
34,0.995072610361,0.105132802983,0.983847857236,0.147711042046
35,0.994855863016,0.104787987408,0.969389084278,0.208253223327
36,0.994928112131,0.105067718496,0.984759671747,0.144064922362
37,0.995274907882,0.101220405599,0.988276670574,0.127906653849
38,0.995087060184,0.101908532834,0.985671486258,0.132155004721
39,0.995621703634,0.0988097235612,0.965220789371,0.204376178589
40,0.995708402591,0.0979009581262,0.97212452781,0.194554686999
41,0.995014811069,0.100745344634,0.922626025791,0.447622300604
42,0.996257495846,0.095037190817,0.984368894099,0.134596688623
43,0.99593959974,0.0945061555217,0.954800052104,0.25290042064
44,0.99565060328,0.0932436461161,0.977986192523,0.157153942467
45,0.996127447439,0.0931239355279,0.980721636056,0.148663514346
46,0.9962285962,0.0912880992129,0.982545265078,0.143347394787
47,0.995838450979,0.0924681024459,0.971212713299,0.191199957098
48,0.996300845334,0.0901828193348,0.984759671747,0.132281036941
