epoch,acc,loss,val_acc,val_loss
0,0.801661729666,0.72262802628,0.930832356389,0.236695743952
1,0.975753197023,0.0873024516368,0.967825973688,0.109887920328
2,0.987009609132,0.0463939064571,0.98528070861,0.064095861387
3,0.991359005852,0.0303298571811,0.983457079588,0.0591059210976
4,0.993410880717,0.023066248864,0.986322782337,0.0516324810587
5,0.995693952769,0.0164532926764,0.983587338804,0.0577267616072
6,0.996430893722,0.013319595094,0.98528070861,0.0558117372346
7,0.997471280977,0.0102587281139,0.987234596848,0.0499309391359
8,0.997644678853,0.00890184237809,0.987495115279,0.0442834523573
9,0.998121523011,0.00718412853053,0.986322782337,0.0544419054591
10,0.99888736363,0.00479243417163,0.988276670574,0.0468347778714
11,0.998988512391,0.00453501164438,0.988276670574,0.0456240316348
12,0.999190809913,0.00394520057192,0.988276670574,0.0471244953282
13,0.999089661152,0.0041845799433,0.988537189006,0.046118546615
14,0.999017412056,0.00387641908655,0.98840692979,0.0461560193468
15,0.99917636009,0.00376185753173,0.988667448222,0.0463446119362
16,0.999219709559,0.00348333129797,0.988667448222,0.0461366515908
17,0.999248609205,0.00347150598305,0.98840692979,0.0465822584101
18,0.999320858319,0.00326776177912,0.988797707438,0.0461596198808
19,0.999291958674,0.00343788010077,0.989058225869,0.0469553135795
20,0.999263059028,0.00316990375093,0.988927966654,0.047498045485
21,0.999306408496,0.00332381407766,0.988667448222,0.047646793271
22,0.999335308142,0.00298364440624,0.988797707438,0.0476076499417
23,0.999133010621,0.00330486729352,0.988797707438,0.0468432352182
24,0.999407557257,0.00308056054529,0.988667448222,0.0468483374377
25,0.99942200708,0.00295041199816,0.988537189006,0.0469851416028
26,0.999508706018,0.00298700856331,0.988667448222,0.0472176172902
27,0.999291958674,0.00304609743306,0.988667448222,0.0471449602541
28,0.999436456903,0.00302941119123,0.98840692979,0.0466448776823
29,0.999364207788,0.00300327507961,0.988537189006,0.0466960669424
30,0.999320858319,0.00317901723795,0.989058225869,0.0468080822146
