epoch,acc,loss,val_acc,val_loss
0,0.650950075882,1.39920318939,0.848248013547,0.539395738135
1,0.939960985478,0.210491017714,0.939950501498,0.20072647173
2,0.976576836934,0.0861561929921,0.97212452781,0.11183459842
3,0.985564626833,0.054939473198,0.980200599192,0.07863284456
4,0.989668376581,0.0402637694167,0.981372932135,0.0792765911275
5,0.992153746117,0.0310339513066,0.979419043897,0.0743103951292
6,0.99410447222,0.0242553501218,0.981503191351,0.0699278796484
7,0.995347156997,0.0201693520653,0.984108375668,0.0618659815148
8,0.995578354165,0.0179164225284,0.986453041553,0.05488573041
9,0.996459793368,0.0150235626754,0.984499153315,0.0556077680722
10,0.997861426198,0.0111382364011,0.98528070861,0.052427964324
11,0.998338270356,0.00989110831307,0.986062263905,0.0523085344
12,0.998323820533,0.00966645151179,0.985671486258,0.0518712812569
13,0.998555017701,0.00907962516797,0.985932004689,0.051575851418
14,0.998367170002,0.00908071133081,0.986583300769,0.0532735777372
15,0.998367170002,0.00887553265423,0.986192523121,0.0526653244797
16,0.998396069648,0.00894944395996,0.986062263905,0.053706180862
17,0.998569467524,0.00852950026327,0.986322782337,0.0540728305555
18,0.998641716658,0.00850851878539,0.985801745473,0.0540336795043
19,0.998511668232,0.00849322039096,0.985932004689,0.0538863428756
20,0.998526118055,0.00813793966473,0.986192523121,0.0534008460641
21,0.998569467524,0.00835677982557,0.985801745473,0.0529626554742
22,0.9987428654,0.0083622358113,0.986062263905,0.0528538091824
23,0.998670616285,0.00814346063047,0.986062263905,0.0531869226582
24,0.998815114515,0.00786907814462,0.986192523121,0.0532512299111
25,0.998656166462,0.008135551702,0.986062263905,0.0531519851833
