epoch,acc,loss,val_acc,val_loss
0,0.687869373621,4.58273228398,0.718379575355,2.55103823125
1,0.935683837893,1.17096413664,0.745734010681,1.50727209415
2,0.964265587766,0.554851200853,0.828709131179,0.967921888904
3,0.970348963245,0.405935223681,0.878989188485,0.676426767822
4,0.973975868815,0.352525010579,0.930050801094,0.500304541617
5,0.976721335183,0.325126831082,0.950501497981,0.407119459867
6,0.977761722438,0.311796859122,0.969258825062,0.331785618801
7,0.981273029424,0.291104095947,0.943858277973,0.39546177113
8,0.981301929051,0.280288251707,0.95740523642,0.35260067003
9,0.981706524095,0.273317486934,0.95584212583,0.347354851128
10,0.983324904289,0.259424956055,0.962355086622,0.330198679699
11,0.983772848802,0.254527571724,0.911423733237,0.50960993502
12,0.984538689401,0.247175154566,0.93864790934,0.411734162503
13,0.986431616213,0.235621455202,0.944379314837,0.380195334216
14,0.985810273824,0.232738346342,0.963397160349,0.309907535735
15,0.985983671702,0.229333936521,0.979549303113,0.257929995456
16,0.986229318691,0.225397592843,0.981372932135,0.238651411809
17,0.987428654018,0.21868685039,0.939950501498,0.407480502782
18,0.986778411964,0.215724778313,0.971212713299,0.264157675934
19,0.988136695344,0.209820871514,0.955451348183,0.34380520796
20,0.988526840546,0.205312043076,0.980851895272,0.22316470612
21,0.988815837006,0.204025140339,0.932004689332,0.397323632257
22,0.989119283289,0.19968982107,0.975120489775,0.241416050699
23,0.989755075519,0.19312198764,0.943597759549,0.363643151429
24,0.988483491077,0.196899302329,0.957535495636,0.304403315722
25,0.990072971606,0.190618379714,0.976162563501,0.232014480832
26,0.989350480457,0.191354205472,0.978637488602,0.226205125131
27,0.990203020013,0.186400970102,0.967304936824,0.275836294094
