epoch,acc,loss,val_acc,val_loss
0,0.80702261405,0.709598699453,0.898007034976,0.330991300309
1,0.969554223037,0.106979900397,0.960010421273,0.134501065043
2,0.984148544254,0.0575569172626,0.975250750668,0.0874121081014
3,0.989061484071,0.0395210262837,0.980721636056,0.0699573153371
4,0.991503504082,0.0295783062229,0.980461119565,0.0659753899848
5,0.994075572648,0.0219457292321,0.982545267019,0.061360767623
6,0.995592803988,0.0163723999028,0.982675524293,0.0617403347558
7,0.996271945669,0.0143110300478,0.9881464133,0.0489633538999
8,0.996315295138,0.0125548057542,0.987104339309,0.0566902833425
9,0.99722563406,0.00977994193057,0.988537190947,0.0487320005621
10,0.998208221949,0.00699100651541,0.989188487026,0.044933807152
11,0.998627266816,0.00600773181078,0.989579262733,0.0448558624296
12,0.998555017701,0.00550286874049,0.989709521949,0.0457555171285
13,0.998670616285,0.00536075200229,0.989188485085,0.0465525698175
14,0.998901813453,0.0049510507575,0.98905822781,0.0469386836012
15,0.998974062568,0.00475811015199,0.988927966654,0.0475624363275
16,0.998916263276,0.00454847613282,0.989709521949,0.046755526454
17,0.998757315223,0.00475798879749,0.989318746242,0.0460542286099
18,0.998901813453,0.00450810091965,0.989579262733,0.0474025514244
