epoch,acc,loss,val_acc,val_loss
0,0.835792211545,0.595838164454,0.950892275629,0.183233927293
1,0.976316740139,0.0849284969996,0.972906083105,0.0934751676428
2,0.986662813381,0.0484717242176,0.981242672919,0.0599321132341
3,0.991113358861,0.0331130034815,0.983326820373,0.0639010116456
4,0.993295282133,0.0240523381303,0.986322782337,0.0514547551393
5,0.995058160538,0.0187839974708,0.983587338804,0.0571851546167
6,0.995997399051,0.0153048428653,0.980721636056,0.0804877255304
7,0.996864388411,0.0124679979766,0.985932004689,0.0470072844559
8,0.997153384871,0.0106522613076,0.986453041553,0.0493237089975
9,0.997586879561,0.00944682780093,0.986713559984,0.0477452846522
10,0.99845386894,0.00619443141894,0.987104337632,0.0467366667461
11,0.998583917347,0.00577119835374,0.9868438192,0.0468408778012
12,0.998627266816,0.00564640788752,0.9868438192,0.0468393815543
13,0.998526118055,0.00549692379713,0.987234596848,0.0464531752817
14,0.9987428654,0.00522447580936,0.987104337632,0.0462844612114
15,0.998959612745,0.0049337037074,0.986713559984,0.0481042429503
16,0.998844014161,0.00515452166821,0.986713559984,0.0487936200112
17,0.998916263276,0.00441275315004,0.987364856064,0.0469751807217
18,0.999075211329,0.00463936002079,0.986713559984,0.0484104430477
19,0.998974062568,0.00440496035593,0.987364856064,0.0478706658866
20,0.998916263276,0.00461141724095,0.987495115279,0.0475594855776
21,0.998800664692,0.00453027356274,0.987495115279,0.0477931204573
22,0.998916263276,0.00446977878209,0.987364856064,0.0477868848132
23,0.998930713099,0.00450965374717,0.987104337632,0.0476923602305
24,0.998930713099,0.00454022737051,0.987234596848,0.047840839654
25,0.998916263276,0.00443022228033,0.987364856064,0.0477892033059
26,0.998959612745,0.00420594595237,0.986974078416,0.0478302811112
27,0.998974062568,0.00421866579051,0.987495115279,0.0476469771313
28,0.999017412037,0.00420536968586,0.987234596848,0.0473271057461
29,0.998872913807,0.00424675004509,0.987104337632,0.0476875720025
30,0.998959612745,0.00431797088974,0.987234596848,0.0475793615838
31,0.999089661152,0.00423459115594,0.987364856064,0.047327081017
