epoch,acc,loss,val_acc,val_loss
0,0.678664836376,2.23577725839,0.77426077895,1.54750197956
1,0.944165883987,0.781064552,0.935391428944,0.686826318258
2,0.971663897117,0.479212861088,0.880943076723,0.707419021654
3,0.977689473304,0.350568551008,0.944249055621,0.428727753708
4,0.982168918431,0.278408744472,0.937605835613,0.397431781454
5,0.982891409599,0.243134443137,0.937736094829,0.375713549879
6,0.98555017701,0.216157234292,0.943206981894,0.345058111885
7,0.986344917275,0.201094370868,0.953236941521,0.300199918097
8,0.987168557185,0.19055444347,0.949198905823,0.338962602446
9,0.987789899593,0.181771514753,0.954018496809,0.289020494057
10,0.989075933839,0.172650348,0.942295167383,0.311626672943
11,0.989610577289,0.166475843554,0.966523381529,0.247683743054
12,0.990044071979,0.161634044815,0.960791976032,0.272548515357
13,0.99062206488,0.154549522911,0.857626677087,0.688678949885
14,0.991041109748,0.148464745798,0.967825973688,0.232004929936
15,0.991142258526,0.147864609168,0.952455386219,0.294617024046
16,0.992052597356,0.141950309682,0.974729712127,0.19599542653
17,0.992587240806,0.137888544102,0.965611567026,0.229015830129
18,0.992630590275,0.135295809105,0.97394815684,0.195957283528
19,0.993136334099,0.129298905614,0.963918197212,0.234454275204
20,0.993006285673,0.129042932658,0.951673830931,0.271722867376
21,0.993367531248,0.12532178636,0.973817897616,0.184798276874
22,0.993931074344,0.122463502794,0.98215448743,0.165247129452
23,0.994032223105,0.120722315417,0.982936042725,0.157067507759
24,0.994624665867,0.114850170139,0.978507229386,0.175765348731
25,0.993887724875,0.11722536552,0.974990230559,0.191812877416
26,0.994798063724,0.112666036232,0.901002995962,0.443037208131
27,0.995000361265,0.110614568916,0.986322782337,0.140716056887
28,0.994913662308,0.109173740077,0.976162563501,0.189430480776
29,0.994740264432,0.10958221216,0.968607528983,0.205842631912
30,0.99521710859,0.106229294936,0.964960270939,0.213121713424
31,0.995578354165,0.102692592825,0.984108375668,0.147186971983
32,0.995708402572,0.10134274018,0.983196561157,0.148507220395
33,0.995693952749,0.100064826684,0.983587338804,0.1444980251
34,0.995072610361,0.102762124715,0.978898007034,0.159949511764
35,0.996026298678,0.097420188921,0.983457079588,0.14420461767
36,0.9962285962,0.0965718834347,0.979158525473,0.154058703015
37,0.996185246731,0.0941076919169,0.983326820373,0.146981024999
38,0.996112997616,0.0945656769471,0.985150449394,0.133925091289
