epoch,acc,loss,val_acc,val_loss
0,0.837237193844,0.582678396999,0.928357431288,0.231527052978
1,0.971447149772,0.101833281968,0.971212713299,0.102804327291
2,0.984235243118,0.0577412930177,0.978898007034,0.0722120337232
3,0.989061483997,0.0404599202424,0.981242672919,0.0654561332618
4,0.991460154613,0.0305857386493,0.981763709782,0.0617269376103
5,0.993512029478,0.0236160926813,0.986453041553,0.0528509837493
6,0.993627628062,0.0221654105871,0.986974078416,0.0447426385169
7,0.995159309298,0.0174349262136,0.985020190178,0.0556516896043
8,0.995867350625,0.0146137439132,0.985541227042,0.0546205257874
9,0.996546492305,0.0126327129807,0.9868438192,0.0445700467615
10,0.99734123257,0.00957956874753,0.98840692979,0.044108401709
11,0.997702478145,0.00879283076337,0.988667448222,0.0443252002482
12,0.997716927968,0.00838807207926,0.989709521949,0.0415120235166
13,0.997919225489,0.00783416716604,0.98840692979,0.0426157330623
14,0.997919225489,0.0078065002491,0.989058225869,0.043594034941
15,0.998107073188,0.00781850262928,0.989318744301,0.0415578753062
16,0.998179322303,0.00747943907719,0.989058225869,0.0422201321053
17,0.998121523011,0.00747980600622,0.988927966654,0.0436739552805
18,0.998222671772,0.00685956093988,0.989318744301,0.0429455411942
19,0.998222671772,0.00691967639001,0.989188485085,0.0435962134679
20,0.998107073188,0.00692481051002,0.988927966654,0.0432755345859
21,0.998352720179,0.00686203438207,0.988927966654,0.0435405418729
22,0.998410519471,0.0065273617304,0.988797707438,0.0436820127501
23,0.998323820552,0.00668274806419,0.988927966654,0.0439776833647
