epoch,acc,loss,val_acc,val_loss
0,0.565277075376,8.40287646094,0.641787156441,4.12426731396
1,0.910584495359,1.94699944948,0.611567018367,2.57232828756
2,0.959251499188,0.746619884643,0.924189136381,0.682557574423
3,0.970175565349,0.45189538954,0.898788589293,0.65796869473
4,0.975652048283,0.355786201606,0.963397160349,0.360733227124
5,0.976591286757,0.326677233932,0.958707828579,0.377969476229
6,0.980781735424,0.299231230231,0.950501497981,0.406083849234
7,0.98081063507,0.288262516879,0.964569493292,0.349166026863
8,0.983541651615,0.270511632431,0.943988537189,0.394192106922
9,0.984105194711,0.260767966001,0.952325127003,0.370522203076
10,0.984842135703,0.252855088311,0.96587208545,0.317295759658
11,0.985564626833,0.24271241984,0.93291650385,0.433544272694
12,0.985680225436,0.238970659086,0.944379314837,0.347825769925
13,0.986547214797,0.232346021923,0.97433893448,0.260127449542
14,0.987775449751,0.223246057135,0.975120489775,0.265807713471
15,0.988165594971,0.219062162861,0.959098606226,0.313528888086
16,0.988512390723,0.213146172731,0.965090530155,0.288148532618
17,0.988844736672,0.210270645976,0.97433893448,0.254037823439
18,0.989393829945,0.205436754438,0.929529764231,0.409934843737
19,0.989870674103,0.201545500959,0.981503191351,0.225469223098
20,0.990116321075,0.196857578755,0.970300898796,0.265696175097
21,0.990535365942,0.193888196928,0.986453041553,0.197217848812
22,0.990419767358,0.190583231791,0.971082454084,0.247722257883
23,0.991185607978,0.185942133113,0.976162563501,0.234297734579
24,0.99144570479,0.184199593364,0.981372932135,0.213613521778
25,0.991517953905,0.181689820463,0.983196561157,0.204870632072
26,0.991055559569,0.180112363702,0.973557379185,0.235840828271
27,0.992399393107,0.175599187781,0.98059137684,0.218100795526
28,0.991546853551,0.175164328198,0.953497459945,0.317555273757
29,0.991619102666,0.174370609936,0.983587338804,0.197068540697
30,0.99221154541,0.170196987142,0.97746515566,0.223189863672
31,0.992645040117,0.168428043705,0.985410967826,0.187644339286
32,0.992486092045,0.167822329536,0.9868438192,0.188740753126
33,0.992587240806,0.165471594858,0.983587338804,0.199573828891
34,0.992500541868,0.16486983638,0.982415005862,0.196480665346
35,0.99299183587,0.162298910048,0.98528070861,0.181437445344
36,0.993584278593,0.158352657073,0.98528070861,0.183312537874
37,0.993092984611,0.156976956932,0.955060570535,0.285309029511
38,0.993858825229,0.154475966898,0.981633450567,0.196860351368
39,0.993613178239,0.154579606242,0.982545265078,0.192736204579
40,0.992919586735,0.157574225539,0.985410967826,0.181261873615
41,0.994220070804,0.151723247408,0.985541227042,0.179156996416
42,0.993772126291,0.151451766354,0.979679562329,0.19560145049
43,0.993988873636,0.149006128391,0.982936042725,0.183114953037
