epoch,acc,loss,val_acc,val_loss
0,0.836341304838,0.597723305311,0.9185879901,0.282693697847
1,0.973094429593,0.0965589504069,0.978637488602,0.0770310894884
2,0.985333429665,0.0551647506471,0.981112413703,0.0660227750702
3,0.989596127447,0.039385889232,0.983847857236,0.0538165716341
4,0.992269344701,0.0301434533671,0.985541227042,0.0499176676887
5,0.993801025937,0.0243518609325,0.984238634883,0.0546867809066
6,0.994870312839,0.0197091493974,0.983587338804,0.0601150453659
7,0.995448305758,0.0172451190867,0.987755633711,0.0447252833917
8,0.9962285962,0.0153245784887,0.987364856064,0.0436419645511
9,0.996575391951,0.0139243214365,0.9868438192,0.0473238254207
10,0.997803626906,0.0106343267259,0.989318744301,0.0424837746045
11,0.998150422657,0.00972016664005,0.989449003517,0.0427957264754
12,0.998381619825,0.00902677119456,0.989318744301,0.042083497563
13,0.998222671772,0.00902758815617,0.989579262733,0.0421190458048
14,0.998497218409,0.00841471609312,0.989318744301,0.041894782227
15,0.998193772126,0.0089741245806,0.989058225869,0.0426224716778
16,0.998583917347,0.00830285926739,0.988797707438,0.0422625400034
17,0.998511668232,0.00806965722577,0.989318744301,0.042744467035
18,0.998497218409,0.0082331777161,0.988797707438,0.0425519593048
19,0.998627266816,0.00790763681738,0.988276670574,0.0440449162728
20,0.998685066108,0.00803690708099,0.98840692979,0.0439614219734
21,0.998627266816,0.00776271595749,0.989058225869,0.0434443999438
22,0.99841051949,0.00785331142329,0.989058225869,0.0435628081995
23,0.998757315223,0.00741277987837,0.989058225869,0.0433959955675
24,0.998757315223,0.00779362022133,0.989058225869,0.0427472570684
