epoch,acc,loss,lr,val_acc,val_loss
0,0.54022108239,1.77263417916,0.01,0.611306499935,1.39648398467
1,0.767863593686,0.833441915022,0.01,0.794190438974,0.703419461441
2,0.859475471436,0.496809318141,0.01,0.864660674743,0.414880823413
3,0.896914962871,0.354213839941,0.01,0.886935000651,0.355527318631
4,0.920280326568,0.277080570297,0.01,0.919760323043,0.243251119875
5,0.937056571135,0.223498773244,0.01,0.922495766575,0.251407407807
6,0.946405606536,0.191688995574,0.01,0.933828318354,0.210711346836
7,0.953717216968,0.166691404392,0.01,0.916764361079,0.297025415676
8,0.959627194643,0.149149237842,0.01,0.951022534844,0.168340575755
9,0.963687594901,0.135129160336,0.01,0.955972385046,0.154951460744
10,0.967516797997,0.121705373323,0.01,0.956102644262,0.158014380764
11,0.970348963299,0.112245080646,0.01,0.959228865442,0.15755395672
12,0.97383137064,0.0997861080093,0.005,0.965220789371,0.127541874544
13,0.97552199993,0.0958309035545,0.005,0.964569493292,0.127048889557
14,0.975652048264,0.0944451734767,0.005,0.96274586427,0.140404237457
15,0.9766779857,0.0904687774372,0.005,0.967695714472,0.118743107659
16,0.977631674014,0.087687305806,0.0025,0.965741826234,0.119625324505
17,0.977675023483,0.0866665207462,0.0025,0.969389084278,0.112635279624
18,0.978672061269,0.0833701951458,0.00125,0.968347010551,0.113210195457
19,0.978628711802,0.0832515554562,0.00125,0.96899830663,0.117653796953
20,0.979567950294,0.0827775640047,0.000625,0.970431158004,0.111837995418
21,0.979177805146,0.0812016114975,0.000625,0.969389084278,0.112786517522
22,0.979148905426,0.0815034365966,0.0003125,0.969910121141,0.112957387639
23,0.978614262051,0.0826825785312,0.0003125,0.969258825062,0.11298943023
24,0.978542012862,0.0820127008145,0.00015625,0.969519343494,0.112411447431
25,0.9791489055,0.0819286907248,0.00015625,0.969649602709,0.112287962966
26,0.979105556031,0.0820753678529,0.0001,0.969649602709,0.112854963342
27,0.979365652845,0.0813618971739,0.0001,0.969910121141,0.112325186513
28,0.978397514708,0.0826889831918,0.0001,0.969389084278,0.112565633138
29,0.979712448523,0.0810399424484,0.0001,0.969128565846,0.11306987441
30,0.979409002317,0.080955870309,0.0001,0.969649602709,0.11249225936
31,0.979163355251,0.0822113427425,0.0001,0.969128565846,0.113189885124
